65 1
1039531
1039539
1039568
1039571
1039580
1039581
1039592
1039595
1039606
1039609
1039618
1039626
1039627
1039640
1039644
1039645
1039646
1039652
1039657
1039660
1039665
1039675
1039676
1039678
1039684
1039693
1039694
1039699
1039735
1039763
1039803
1041156
1041158
1041193
1041232
1041261
1041263
1041271
1041281
1041286
1041289
1041290
1041296
1041297
1041305
1041308
1041316
1041324
1041327
1041330
1041333
1041339
1041342
1041355
1041364
1041369
1041370
1041375
1041380
1041389
1041406
1041407
1042504
1042531
1042536
