94 1
1030774
1030962
1031005
1031024
1031041
1031148
1031149
1031166
1031197
1031277
1031317
1031521
1031550
1031557
1031583
1031618
1031624
1031651
1031653
1031698
1031711
1031736
1031745
1031792
1031803
1031816
1031826
1031850
1031912
1031976
1032009
1032118
1032126
1032175
1032183
1032207
1032214
1032220
1032229
1032254
1032281
1032327
1032329
1032332
1032333
1032371
1032417
1032434
1032494
1032503
1032525
1032527
1032530
1032535
1032545
1032565
1032582
1032646
1032654
1032674
1032676
1032682
1032693
1032698
1032722
1032792
1032812
1032839
1032885
1032892
1032896
1032910
1032954
1032987
1033000
1033010
1033019
1033041
1033047
1033097
1033114
1033438
1033448
1033450
1033489
1033517
1033629
1033767
1033784
1033881
1034083
1034171
1034180
1035296
