4749 1
1000059
1000060
1000093
1000122
1000152
1000221
1000238
1000276
1000310
1000352
1000367
1000394
1000419
1000434
1000488
1000505
1000591
1000633
1000650
1000672
1000674
1000676
1000680
1000694
1000730
1000734
1000737
1000741
1000762
1000768
1000773
1000787
1000791
1000798
1000809
1000820
1000827
1000831
1000839
1000840
1000846
1000853
1000864
1000876
1000879
1000889
1000897
1000901
1000909
1000920
1000925
1000932
1000945
1000949
1000960
1000969
1000974
1000976
1000991
1001003
1001007
1001008
1001027
1001032
1001041
1001042
1001061
1001081
1001082
1001085
1001091
1001111
1001147
1001153
1001154
1001158
1001165
1001168
1001173
1001177
1001185
1001187
1001188
1001189
1001197
1001203
1001226
1001232
1001238
1001242
1001249
1001254
1001256
1001257
1001261
1001263
1001266
1001272
1001274
1001283
1001292
1001296
1001297
1001298
1001300
1001301
1001308
1001309
1001311
1001315
1001327
1001333
1001336
1001337
1001340
1001347
1001350
1001352
1001353
1001362
1001365
1001378
1001392
1001395
1001411
1001423
1001435
1001436
1001446
1001454
1001458
1001473
1001476
1001483
1001488
1001495
1001504
1001523
1001524
1001525
1001527
1001547
1001557
1001563
1001564
1001568
1001571
1001573
1001575
1001580
1001585
1001592
1001595
1001596
1001620
1001624
1001625
1001648
1001690
1001698
1001700
1001705
1001711
1001717
1001725
1001737
1001740
1001746
1001749
1001756
1001784
1001795
1001796
1001798
1001799
1001801
1001808
1001810
1001813
1001815
1001820
1001825
1001826
1001827
1001834
1001835
1001838
1001844
1001845
1001854
1001859
1001860
1001862
1001863
1001864
1001865
1001866
1001867
1001871
1001873
1001880
1001881
1001886
1001887
1001888
1001890
1001893
1001897
1001899
1001902
1001903
1001906
1001909
1001910
1001911
1001919
1001920
1001922
1001923
1001924
1001926
1001930
1001931
1001938
1001939
1001940
1001942
1001945
1001946
1001947
1001949
1001951
1001952
1001958
1001961
1001965
1001968
1001972
1001975
1001977
1001981
1001985
1001987
1001988
1001990
1001995
1001999
1002000
1002015
1002016
1002017
1002020
1002024
1002032
1002038
1002043
1002049
1002050
1002051
1002052
1002053
1002054
1002055
1002060
1002063
1002065
1002066
1002073
1002077
1002081
1002088
1002094
1002097
1002099
1002101
1002104
1002114
1002115
1002117
1002121
1002123
1002124
1002127
1002129
1002138
1002140
1002143
1002144
1002145
1002148
1002151
1002152
1002154
1002156
1002157
1002158
1002160
1002163
1002166
1002170
1002172
1002175
1002176
1002177
1002180
1002182
1002186
1002187
1002188
1002193
1002195
1002201
1002202
1002205
1002206
1002208
1002209
1002216
1002219
1002220
1002224
1002225
1002227
1002234
1002236
1002237
1002241
1002244
1002245
1002247
1002250
1002263
1002264
1002268
1002269
1002273
1002274
1002277
1002278
1002289
1002291
1002293
1002294
1002298
1002300
1002301
1002303
1002306
1002308
1002309
1002310
1002311
1002312
1002316
1002319
1002323
1002327
1002331
1002332
1002333
1002335
1002338
1002339
1002342
1002347
1002350
1002351
1002353
1002354
1002356
1002357
1002361
1002362
1002367
1002371
1002372
1002374
1002375
1002376
1002378
1002380
1002384
1002386
1002390
1002393
1002398
1002400
1002404
1002405
1002406
1002407
1002412
1002416
1002418
1002419
1002421
1002422
1002427
1002431
1002433
1002434
1002435
1002437
1002438
1002442
1002444
1002445
1002446
1002451
1002452
1002460
1002462
1002467
1002469
1002472
1002473
1002480
1002481
1002483
1002484
1002485
1002486
1002488
1002489
1002501
1002502
1002505
1002508
1002509
1002510
1002514
1002515
1002516
1002519
1002521
1002527
1002529
1002530
1002534
1002535
1002539
1002548
1002550
1002551
1002552
1002554
1002559
1002571
1002573
1002574
1002577
1002582
1002583
1002584
1002593
1002595
1002600
1002602
1002607
1002608
1002610
1002611
1002617
1002619
1002620
1002624
1002625
1002628
1002632
1002633
1002635
1002637
1002638
1002641
1002642
1002643
1002645
1002646
1002647
1002648
1002650
1002655
1002656
1002660
1002665
1002668
1002669
1002670
1002675
1002676
1002680
1002681
1002682
1002683
1002690
1002693
1002695
1002697
1002699
1002700
1002702
1002704
1002707
1002708
1002712
1002713
1002714
1002716
1002719
1002725
1002726
1002727
1002729
1002732
1002733
1002741
1002750
1002756
1002757
1002759
1002762
1002763
1002767
1002769
1002770
1002771
1002776
1002780
1002781
1002790
1002791
1002792
1002793
1002795
1002796
1002797
1002799
1002804
1002808
1002810
1002811
1002813
1002814
1002815
1002816
1002823
1002825
1002828
1002834
1002835
1002839
1002841
1002842
1002844
1002845
1002848
1002851
1002856
1002858
1002859
1002863
1002865
1002867
1002873
1002875
1002879
1002880
1002881
1002883
1002886
1002892
1002893
1002899
1002900
1002901
1002916
1002920
1002923
1002927
1002928
1002932
1002935
1002938
1002940
1002946
1002952
1002953
1002955
1002957
1002959
1002966
1002967
1002968
1002970
1002974
1002977
1002985
1002988
1002989
1002990
1002991
1003000
1003007
1003008
1003010
1003012
1003014
1003015
1003022
1003023
1003026
1003029
1003033
1003034
1003037
1003038
1003040
1003043
1003051
1003053
1003054
1003061
1003062
1003065
1003070
1003071
1003075
1003078
1003084
1003098
1003100
1003103
1003107
1003111
1003115
1003118
1003125
1003132
1003134
1003135
1003137
1003142
1003149
1003153
1003163
1003165
1003167
1003170
1003173
1003176
1003179
1003186
1003190
1003192
1003194
1003196
1003204
1003207
1003209
1003217
1003219
1003220
1003228
1003234
1003236
1003238
1003244
1003245
1003247
1003248
1003251
1003256
1003264
1003266
1003268
1003277
1003278
1003279
1003281
1003283
1003294
1003295
1003297
1003298
1003301
1003302
1003304
1003310
1003311
1003312
1003314
1003316
1003318
1003320
1003321
1003322
1003325
1003329
1003330
1003331
1003337
1003341
1003345
1003349
1003350
1003355
1003359
1003363
1003369
1003370
1003376
1003378
1003383
1003384
1003385
1003386
1003392
1003394
1003398
1003400
1003407
1003410
1003412
1003414
1003416
1003419
1003425
1003426
1003428
1003431
1003432
1003436
1003439
1003440
1003442
1003443
1003445
1003451
1003454
1003455
1003457
1003459
1003460
1003461
1003462
1003463
1003466
1003467
1003473
1003476
1003478
1003480
1003481
1003486
1003489
1003496
1003499
1003502
1003503
1003508
1003509
1003511
1003513
1003515
1003521
1003531
1003537
1003540
1003541
1003543
1003547
1003553
1003555
1003556
1003560
1003563
1003565
1003567
1003568
1003569
1003571
1003572
1003573
1003575
1003577
1003579
1003582
1003587
1003592
1003594
1003596
1003597
1003598
1003610
1003614
1003615
1003616
1003622
1003623
1003624
1003627
1003629
1003633
1003637
1003638
1003641
1003643
1003649
1003650
1003654
1003657
1003660
1003661
1003665
1003666
1003668
1003669
1003671
1003672
1003676
1003678
1003680
1003681
1003682
1003684
1003685
1003691
1003698
1003699
1003701
1003710
1003711
1003712
1003716
1003721
1003724
1003728
1003729
1003730
1003732
1003735
1003738
1003745
1003753
1003754
1003755
1003760
1003765
1003768
1003770
1003772
1003775
1003776
1003781
1003788
1003789
1003791
1003794
1003795
1003797
1003800
1003808
1003809
1003811
1003818
1003823
1003825
1003827
1003831
1003833
1003835
1003836
1003842
1003843
1003846
1003847
1003850
1003854
1003855
1003856
1003859
1003860
1003863
1003865
1003866
1003867
1003869
1003870
1003874
1003876
1003877
1003878
1003879
1003881
1003882
1003883
1003884
1003887
1003888
1003891
1003892
1003893
1003894
1003900
1003901
1003909
1003912
1003913
1003915
1003916
1003917
1003918
1003919
1003920
1003921
1003927
1003929
1003936
1003937
1003938
1003939
1003940
1003941
1003942
1003947
1003948
1003950
1003952
1003953
1003956
1003960
1003964
1003965
1003966
1003969
1003971
1003972
1003975
1003976
1003977
1003978
1003980
1003981
1003983
1003984
1003985
1003990
1003991
1003993
1003994
1003995
1003996
1003999
1004000
1004002
1004004
1004005
1004006
1004009
1004012
1004017
1004020
1004023
1004025
1004026
1004027
1004030
1004031
1004033
1004034
1004038
1004039
1004044
1004047
1004050
1004053
1004056
1004058
1004061
1004062
1004063
1004065
1004067
1004073
1004075
1004078
1004080
1004086
1004088
1004090
1004092
1004093
1004098
1004100
1004101
1004102
1004104
1004105
1004106
1004107
1004109
1004115
1004116
1004118
1004120
1004121
1004122
1004124
1004125
1004129
1004130
1004131
1004132
1004136
1004137
1004138
1004140
1004142
1004143
1004146
1004148
1004150
1004153
1004156
1004158
1004160
1004161
1004163
1004164
1004165
1004167
1004170
1004171
1004173
1004174
1004175
1004176
1004177
1004184
1004187
1004188
1004191
1004196
1004197
1004201
1004203
1004204
1004208
1004209
1004210
1004214
1004215
1004218
1004221
1004222
1004224
1004226
1004227
1004230
1004231
1004235
1004236
1004237
1004238
1004239
1004246
1004247
1004250
1004251
1004252
1004253
1004254
1004256
1004258
1004259
1004260
1004267
1004270
1004274
1004275
1004276
1004279
1004280
1004284
1004285
1004286
1004287
1004289
1004291
1004293
1004294
1004295
1004296
1004300
1004301
1004302
1004303
1004304
1004306
1004307
1004308
1004310
1004313
1004318
1004320
1004321
1004323
1004324
1004326
1004327
1004329
1004334
1004337
1004338
1004341
1004343
1004345
1004347
1004348
1004350
1004353
1004356
1004358
1004359
1004360
1004362
1004363
1004366
1004369
1004371
1004372
1004374
1004375
1004377
1004379
1004381
1004382
1004383
1004385
1004386
1004388
1004393
1004394
1004396
1004399
1004401
1004403
1004404
1004405
1004406
1004407
1004408
1004411
1004412
1004414
1004415
1004417
1004418
1004420
1004422
1004424
1004425
1004426
1004427
1004428
1004429
1004431
1004432
1004434
1004436
1004441
1004442
1004443
1004444
1004445
1004446
1004447
1004449
1004451
1004453
1004459
1004461
1004462
1004463
1004468
1004471
1004472
1004473
1004474
1004475
1004479
1004481
1004485
1004487
1004488
1004490
1004491
1004492
1004495
1004497
1004500
1004501
1004503
1004507
1004508
1004511
1004515
1004516
1004518
1004519
1004520
1004521
1004524
1004529
1004531
1004532
1004533
1004534
1004535
1004536
1004537
1004538
1004539
1004541
1004544
1004547
1004550
1004553
1004554
1004559
1004561
1004562
1004566
1004567
1004568
1004570
1004574
1004576
1004578
1004580
1004585
1004588
1004589
1004590
1004592
1004593
1004596
1004598
1004599
1004600
1004601
1004602
1004608
1004609
1004610
1004612
1004616
1004617
1004623
1004624
1004627
1004628
1004631
1004632
1004633
1004634
1004635
1004639
1004640
1004644
1004646
1004648
1004650
1004651
1004654
1004658
1004662
1004663
1004664
1004668
1004669
1004670
1004672
1004674
1004680
1004682
1004683
1004686
1004687
1004688
1004689
1004691
1004693
1004697
1004699
1004700
1004701
1004705
1004707
1004711
1004713
1004714
1004718
1004727
1004728
1004729
1004730
1004731
1004732
1004733
1004739
1004742
1004743
1004748
1004749
1004750
1004751
1004752
1004753
1004757
1004762
1004764
1004766
1004767
1004770
1004772
1004773
1004777
1004781
1004784
1004786
1004787
1004790
1004792
1004793
1004796
1004797
1004800
1004802
1004805
1004806
1004808
1004810
1004813
1004814
1004817
1004819
1004823
1004831
1004832
1004833
1004834
1004835
1004836
1004837
1004841
1004842
1004847
1004850
1004851
1004853
1004854
1004855
1004857
1004858
1004859
1004860
1004861
1004862
1004864
1004865
1004866
1004874
1004875
1004876
1004877
1004881
1004882
1004886
1004889
1004892
1004895
1004899
1004902
1004903
1004905
1004906
1004907
1004909
1004911
1004915
1004916
1004922
1004924
1004932
1004937
1004939
1004941
1004942
1004943
1004944
1004946
1004949
1004952
1004957
1004958
1004962
1004963
1004964
1004966
1004968
1004970
1004971
1004972
1004974
1004975
1004976
1004977
1004978
1004983
1004984
1004985
1004986
1004987
1004988
1004991
1004992
1004995
1004996
1004997
1005000
1005001
1005004
1005008
1005010
1005013
1005014
1005018
1005020
1005021
1005023
1005024
1005025
1005027
1005029
1005031
1005032
1005033
1005034
1005036
1005039
1005047
1005048
1005049
1005051
1005056
1005057
1005058
1005059
1005061
1005062
1005063
1005066
1005067
1005068
1005069
1005070
1005071
1005072
1005078
1005081
1005085
1005088
1005090
1005092
1005096
1005097
1005098
1005101
1005104
1005106
1005107
1005110
1005113
1005114
1005119
1005120
1005121
1005122
1005123
1005126
1005127
1005131
1005133
1005134
1005135
1005136
1005137
1005140
1005141
1005145
1005146
1005154
1005157
1005159
1005164
1005167
1005168
1005172
1005173
1005174
1005175
1005176
1005177
1005183
1005184
1005185
1005186
1005187
1005191
1005192
1005193
1005196
1005199
1005201
1005203
1005205
1005208
1005210
1005211
1005212
1005213
1005214
1005215
1005217
1005218
1005219
1005222
1005223
1005225
1005226
1005227
1005230
1005231
1005232
1005233
1005235
1005238
1005239
1005240
1005241
1005242
1005244
1005246
1005249
1005252
1005253
1005254
1005256
1005257
1005260
1005261
1005262
1005264
1005267
1005269
1005270
1005272
1005276
1005278
1005280
1005281
1005285
1005286
1005288
1005289
1005292
1005293
1005295
1005297
1005300
1005302
1005303
1005305
1005306
1005308
1005309
1005310
1005312
1005314
1005315
1005318
1005320
1005322
1005327
1005329
1005335
1005343
1005345
1005347
1005348
1005349
1005352
1005357
1005358
1005359
1005360
1005361
1005363
1005367
1005370
1005371
1005373
1005375
1005378
1005380
1005381
1005382
1005386
1005392
1005393
1005394
1005396
1005397
1005398
1005400
1005402
1005404
1005411
1005412
1005414
1005415
1005416
1005419
1005420
1005421
1005423
1005424
1005426
1005427
1005431
1005432
1005434
1005438
1005443
1005444
1005447
1005449
1005451
1005454
1005456
1005457
1005459
1005461
1005463
1005466
1005468
1005469
1005475
1005478
1005479
1005481
1005486
1005487
1005489
1005490
1005491
1005493
1005494
1005501
1005502
1005504
1005505
1005507
1005509
1005518
1005520
1005521
1005522
1005523
1005525
1005526
1005527
1005530
1005531
1005533
1005534
1005539
1005540
1005542
1005543
1005544
1005545
1005549
1005560
1005561
1005562
1005564
1005565
1005566
1005567
1005569
1005573
1005574
1005576
1005579
1005580
1005582
1005583
1005584
1005585
1005586
1005588
1005589
1005591
1005593
1005594
1005597
1005600
1005601
1005603
1005604
1005605
1005607
1005612
1005617
1005618
1005620
1005622
1005624
1005628
1005629
1005630
1005631
1005632
1005636
1005640
1005641
1005644
1005645
1005646
1005653
1005654
1005656
1005658
1005661
1005662
1005664
1005667
1005668
1005670
1005671
1005672
1005673
1005676
1005683
1005684
1005686
1005687
1005688
1005691
1005692
1005693
1005695
1005696
1005698
1005700
1005701
1005702
1005706
1005708
1005710
1005711
1005712
1005715
1005718
1005720
1005726
1005727
1005728
1005729
1005730
1005731
1005732
1005734
1005735
1005736
1005737
1005739
1005740
1005742
1005743
1005744
1005749
1005750
1005751
1005755
1005757
1005758
1005760
1005761
1005763
1005767
1005768
1005770
1005773
1005775
1005776
1005781
1005783
1005785
1005786
1005787
1005788
1005790
1005793
1005796
1005799
1005805
1005806
1005807
1005808
1005812
1005813
1005815
1005816
1005820
1005822
1005826
1005830
1005832
1005835
1005836
1005838
1005841
1005844
1005845
1005852
1005854
1005856
1005857
1005858
1005859
1005860
1005863
1005864
1005868
1005869
1005871
1005874
1005875
1005878
1005882
1005883
1005884
1005885
1005887
1005894
1005895
1005896
1005897
1005898
1005899
1005900
1005902
1005905
1005906
1005907
1005909
1005910
1005911
1005915
1005916
1005919
1005922
1005925
1005928
1005930
1005931
1005934
1005938
1005939
1005940
1005941
1005942
1005947
1005949
1005952
1005954
1005955
1005956
1005959
1005961
1005963
1005965
1005966
1005967
1005971
1005972
1005977
1005981
1005982
1005986
1005987
1005988
1005989
1005995
1005997
1005999
1006001
1006002
1006003
1006005
1006006
1006007
1006009
1006010
1006011
1006012
1006016
1006021
1006022
1006023
1006025
1006028
1006033
1006037
1006038
1006039
1006040
1006042
1006043
1006044
1006052
1006053
1006054
1006055
1006057
1006061
1006064
1006065
1006066
1006067
1006069
1006070
1006071
1006074
1006075
1006077
1006078
1006079
1006081
1006082
1006084
1006086
1006088
1006092
1006095
1006097
1006098
1006099
1006102
1006103
1006105
1006108
1006109
1006111
1006114
1006117
1006118
1006119
1006120
1006124
1006125
1006127
1006131
1006132
1006134
1006136
1006137
1006138
1006139
1006140
1006141
1006142
1006144
1006146
1006148
1006150
1006151
1006153
1006154
1006155
1006159
1006160
1006163
1006165
1006166
1006168
1006170
1006172
1006175
1006177
1006179
1006180
1006184
1006187
1006190
1006195
1006196
1006198
1006199
1006201
1006202
1006203
1006204
1006207
1006208
1006212
1006213
1006214
1006216
1006221
1006224
1006226
1006227
1006228
1006232
1006233
1006234
1006237
1006240
1006242
1006244
1006245
1006250
1006251
1006252
1006253
1006255
1006261
1006262
1006269
1006272
1006273
1006274
1006275
1006278
1006280
1006281
1006284
1006286
1006287
1006289
1006290
1006291
1006292
1006294
1006295
1006298
1006304
1006307
1006308
1006311
1006312
1006315
1006316
1006317
1006318
1006321
1006326
1006328
1006329
1006330
1006331
1006333
1006336
1006337
1006340
1006342
1006344
1006349
1006354
1006357
1006359
1006365
1006366
1006367
1006369
1006372
1006373
1006377
1006379
1006383
1006389
1006390
1006392
1006393
1006394
1006395
1006397
1006400
1006401
1006405
1006406
1006409
1006410
1006414
1006415
1006417
1006423
1006424
1006428
1006429
1006430
1006432
1006433
1006434
1006435
1006436
1006437
1006443
1006446
1006447
1006448
1006450
1006452
1006455
1006457
1006458
1006460
1006464
1006467
1006470
1006472
1006477
1006478
1006479
1006480
1006484
1006485
1006488
1006490
1006494
1006495
1006496
1006498
1006500
1006502
1006503
1006505
1006509
1006510
1006516
1006517
1006520
1006523
1006524
1006525
1006529
1006530
1006531
1006533
1006534
1006535
1006536
1006537
1006539
1006546
1006548
1006549
1006551
1006554
1006555
1006556
1006557
1006558
1006559
1006560
1006561
1006562
1006563
1006564
1006566
1006570
1006572
1006574
1006575
1006576
1006578
1006581
1006582
1006583
1006592
1006594
1006595
1006596
1006597
1006600
1006603
1006605
1006608
1006611
1006613
1006614
1006618
1006625
1006626
1006627
1006629
1006630
1006635
1006636
1006637
1006640
1006642
1006644
1006645
1006646
1006647
1006648
1006649
1006650
1006651
1006653
1006654
1006655
1006658
1006659
1006661
1006662
1006666
1006668
1006671
1006673
1006676
1006677
1006680
1006681
1006684
1006685
1006689
1006691
1006694
1006695
1006696
1006697
1006701
1006703
1006709
1006713
1006714
1006715
1006720
1006722
1006728
1006729
1006731
1006735
1006742
1006744
1006745
1006747
1006748
1006749
1006752
1006753
1006755
1006759
1006761
1006762
1006767
1006769
1006774
1006777
1006778
1006779
1006783
1006784
1006785
1006786
1006788
1006789
1006790
1006791
1006792
1006793
1006795
1006797
1006800
1006802
1006805
1006807
1006808
1006809
1006810
1006812
1006813
1006817
1006818
1006823
1006824
1006827
1006829
1006830
1006831
1006832
1006833
1006834
1006837
1006838
1006841
1006842
1006843
1006844
1006847
1006848
1006853
1006855
1006857
1006858
1006869
1006872
1006874
1006875
1006877
1006882
1006884
1006885
1006887
1006891
1006893
1006895
1006896
1006899
1006900
1006901
1006904
1006906
1006907
1006909
1006913
1006914
1006915
1006917
1006919
1006920
1006925
1006927
1006928
1006929
1006933
1006936
1006942
1006946
1006948
1006949
1006958
1006969
1006971
1006973
1006974
1006975
1006982
1006983
1006985
1006987
1006988
1006995
1006998
1006999
1007002
1007004
1007006
1007007
1007009
1007011
1007013
1007016
1007020
1007023
1007026
1007028
1007031
1007038
1007040
1007043
1007044
1007047
1007048
1007049
1007050
1007053
1007060
1007062
1007065
1007066
1007069
1007075
1007076
1007077
1007079
1007080
1007082
1007083
1007086
1007089
1007094
1007095
1007096
1007100
1007101
1007102
1007103
1007104
1007105
1007107
1007109
1007110
1007111
1007117
1007123
1007128
1007131
1007134
1007138
1007141
1007142
1007143
1007144
1007146
1007148
1007150
1007154
1007156
1007158
1007164
1007168
1007169
1007170
1007171
1007176
1007179
1007183
1007185
1007187
1007199
1007200
1007204
1007207
1007209
1007210
1007211
1007214
1007215
1007216
1007219
1007222
1007223
1007228
1007230
1007231
1007232
1007234
1007236
1007239
1007240
1007241
1007242
1007243
1007244
1007248
1007250
1007252
1007254
1007257
1007258
1007260
1007261
1007262
1007263
1007266
1007267
1007268
1007270
1007271
1007272
1007273
1007274
1007276
1007277
1007278
1007280
1007281
1007283
1007284
1007288
1007289
1007291
1007292
1007296
1007301
1007303
1007304
1007306
1007308
1007310
1007315
1007317
1007319
1007320
1007321
1007322
1007324
1007325
1007326
1007328
1007332
1007334
1007335
1007341
1007342
1007343
1007351
1007352
1007354
1007355
1007356
1007357
1007358
1007359
1007360
1007361
1007363
1007365
1007366
1007368
1007369
1007370
1007371
1007373
1007375
1007376
1007377
1007379
1007383
1007384
1007385
1007386
1007389
1007394
1007395
1007397
1007398
1007400
1007403
1007404
1007406
1007407
1007410
1007411
1007413
1007414
1007415
1007417
1007418
1007421
1007422
1007424
1007429
1007431
1007432
1007433
1007437
1007438
1007439
1007440
1007443
1007444
1007446
1007447
1007449
1007450
1007452
1007454
1007456
1007457
1007458
1007460
1007462
1007463
1007464
1007466
1007468
1007470
1007472
1007473
1007474
1007475
1007478
1007479
1007480
1007482
1007483
1007486
1007487
1007488
1007489
1007493
1007495
1007497
1007500
1007503
1007505
1007506
1007516
1007517
1007521
1007522
1007523
1007524
1007525
1007528
1007529
1007530
1007531
1007532
1007533
1007534
1007537
1007539
1007540
1007546
1007548
1007549
1007551
1007552
1007554
1007555
1007557
1007563
1007571
1007572
1007577
1007578
1007579
1007580
1007586
1007587
1007588
1007589
1007591
1007592
1007595
1007597
1007598
1007601
1007605
1007606
1007608
1007612
1007614
1007615
1007619
1007622
1007623
1007624
1007625
1007626
1007627
1007628
1007630
1007631
1007633
1007634
1007635
1007637
1007639
1007640
1007642
1007646
1007649
1007654
1007660
1007661
1007662
1007663
1007665
1007666
1007667
1007668
1007670
1007671
1007672
1007673
1007674
1007676
1007677
1007679
1007680
1007685
1007688
1007690
1007692
1007693
1007694
1007695
1007698
1007700
1007706
1007707
1007711
1007713
1007714
1007716
1007718
1007719
1007720
1007722
1007724
1007728
1007731
1007735
1007737
1007738
1007741
1007742
1007743
1007744
1007745
1007746
1007747
1007749
1007750
1007751
1007755
1007759
1007764
1007767
1007768
1007771
1007773
1007775
1007778
1007781
1007783
1007787
1007789
1007791
1007793
1007794
1007797
1007800
1007803
1007808
1007810
1007812
1007813
1007816
1007818
1007819
1007822
1007827
1007830
1007834
1007835
1007836
1007841
1007843
1007844
1007847
1007848
1007849
1007852
1007853
1007856
1007861
1007863
1007867
1007870
1007871
1007872
1007873
1007874
1007875
1007877
1007878
1007879
1007880
1007885
1007886
1007887
1007890
1007893
1007895
1007899
1007902
1007905
1007906
1007907
1007908
1007910
1007915
1007916
1007917
1007918
1007920
1007922
1007923
1007924
1007930
1007931
1007933
1007934
1007939
1007940
1007941
1007944
1007946
1007949
1007950
1007951
1007953
1007956
1007957
1007961
1007962
1007967
1007969
1007972
1007974
1007977
1007980
1007981
1007982
1007985
1007986
1007987
1007989
1007990
1007991
1007992
1007999
1008000
1008002
1008005
1008006
1008007
1008008
1008010
1008014
1008015
1008022
1008023
1008032
1008033
1008034
1008036
1008037
1008038
1008039
1008041
1008042
1008043
1008049
1008052
1008053
1008054
1008055
1008057
1008058
1008059
1008060
1008061
1008065
1008066
1008067
1008069
1008070
1008071
1008072
1008073
1008074
1008075
1008077
1008078
1008079
1008081
1008083
1008085
1008086
1008087
1008089
1008090
1008092
1008096
1008097
1008102
1008104
1008106
1008108
1008111
1008112
1008114
1008115
1008116
1008118
1008120
1008122
1008124
1008125
1008127
1008128
1008129
1008132
1008134
1008135
1008137
1008141
1008142
1008143
1008147
1008148
1008149
1008150
1008151
1008157
1008158
1008159
1008160
1008162
1008163
1008164
1008165
1008166
1008168
1008169
1008175
1008176
1008178
1008180
1008182
1008183
1008184
1008185
1008186
1008187
1008189
1008191
1008192
1008193
1008194
1008195
1008196
1008200
1008201
1008202
1008204
1008206
1008213
1008214
1008216
1008217
1008218
1008220
1008221
1008223
1008224
1008225
1008226
1008229
1008232
1008234
1008237
1008240
1008242
1008244
1008247
1008248
1008256
1008259
1008260
1008262
1008266
1008268
1008271
1008273
1008274
1008275
1008277
1008281
1008283
1008284
1008285
1008287
1008288
1008289
1008291
1008298
1008299
1008301
1008304
1008305
1008308
1008313
1008314
1008315
1008316
1008320
1008321
1008323
1008324
1008326
1008328
1008333
1008334
1008338
1008341
1008352
1008356
1008359
1008360
1008364
1008368
1008372
1008374
1008375
1008376
1008377
1008378
1008382
1008383
1008384
1008385
1008387
1008388
1008389
1008390
1008392
1008394
1008395
1008396
1008402
1008408
1008409
1008410
1008411
1008414
1008417
1008418
1008421
1008425
1008426
1008429
1008430
1008431
1008432
1008435
1008436
1008438
1008440
1008443
1008444
1008445
1008446
1008450
1008453
1008462
1008464
1008468
1008471
1008473
1008476
1008479
1008483
1008484
1008488
1008489
1008490
1008496
1008497
1008498
1008500
1008501
1008503
1008504
1008509
1008514
1008517
1008518
1008519
1008521
1008523
1008527
1008528
1008532
1008537
1008546
1008547
1008550
1008553
1008556
1008559
1008562
1008567
1008568
1008569
1008573
1008574
1008577
1008578
1008580
1008583
1008585
1008586
1008587
1008591
1008592
1008593
1008596
1008597
1008600
1008602
1008604
1008606
1008607
1008608
1008614
1008615
1008616
1008618
1008621
1008625
1008627
1008628
1008630
1008635
1008640
1008641
1008642
1008643
1008646
1008647
1008648
1008649
1008652
1008655
1008657
1008659
1008661
1008662
1008665
1008669
1008670
1008671
1008672
1008673
1008674
1008676
1008678
1008679
1008680
1008683
1008685
1008686
1008687
1008688
1008691
1008692
1008694
1008697
1008698
1008699
1008700
1008706
1008708
1008710
1008712
1008714
1008716
1008717
1008718
1008721
1008722
1008725
1008727
1008729
1008731
1008732
1008738
1008740
1008744
1008745
1008748
1008749
1008752
1008753
1008755
1008756
1008758
1008760
1008761
1008763
1008764
1008765
1008766
1008768
1008769
1008772
1008773
1008775
1008777
1008778
1008779
1008780
1008782
1008783
1008784
1008786
1008788
1008791
1008792
1008793
1008794
1008796
1008798
1008799
1008800
1008801
1008807
1008809
1008810
1008812
1008813
1008814
1008815
1008817
1008818
1008819
1008820
1008824
1008825
1008826
1008827
1008829
1008830
1008831
1008832
1008833
1008836
1008837
1008843
1008844
1008845
1008849
1008851
1008852
1008854
1008855
1008856
1008857
1008858
1008862
1008863
1008864
1008865
1008870
1008871
1008872
1008876
1008878
1008883
1008885
1008886
1008889
1008891
1008894
1008896
1008897
1008898
1008901
1008902
1008903
1008906
1008907
1008910
1008912
1008915
1008916
1008918
1008920
1008925
1008926
1008928
1008931
1008932
1008933
1008934
1008936
1008938
1008939
1008941
1008944
1008947
1008952
1008954
1008955
1008956
1008957
1008958
1008959
1008964
1008965
1008969
1008974
1008975
1008979
1008984
1008988
1008989
1008990
1008992
1008993
1008996
1008998
1008999
1009001
1009003
1009006
1009009
1009010
1009013
1009014
1009015
1009016
1009017
1009019
1009021
1009023
1009025
1009026
1009028
1009029
1009030
1009031
1009032
1009034
1009036
1009037
1009039
1009040
1009041
1009042
1009043
1009045
1009048
1009054
1009058
1009062
1009063
1009064
1009070
1009071
1009072
1009073
1009077
1009078
1009079
1009080
1009082
1009084
1009086
1009087
1009088
1009091
1009096
1009097
1009099
1009104
1009105
1009106
1009107
1009109
1009110
1009111
1009114
1009115
1009119
1009123
1009124
1009125
1009132
1009134
1009135
1009138
1009142
1009143
1009144
1009145
1009146
1009147
1009148
1009151
1009156
1009157
1009158
1009162
1009164
1009167
1009168
1009169
1009173
1009176
1009180
1009181
1009182
1009183
1009185
1009188
1009199
1009202
1009206
1009208
1009209
1009212
1009213
1009214
1009215
1009222
1009229
1009232
1009237
1009239
1009241
1009242
1009246
1009247
1009248
1009250
1009255
1009256
1009258
1009263
1009264
1009266
1009276
1009277
1009279
1009283
1009285
1009286
1009290
1009292
1009293
1009295
1009296
1009298
1009299
1009301
1009302
1009306
1009308
1009313
1009317
1009323
1009327
1009331
1009335
1009338
1009342
1009343
1009344
1009347
1009352
1009364
1009374
1009377
1009381
1009385
1009387
1009390
1009391
1009393
1009396
1009401
1009405
1009416
1009419
1009422
1009428
1009434
1009442
1009443
1009445
1009446
1009449
1009455
1009459
1009460
1009461
1009464
1009465
1009467
1009472
1009473
1009475
1009478
1009479
1009480
1009481
1009488
1009489
1009490
1009491
1009494
1009497
1009502
1009504
1009505
1009506
1009507
1009519
1009523
1009524
1009530
1009533
1009535
1009536
1009537
1009538
1009542
1009543
1009546
1009547
1009552
1009553
1009559
1009564
1009565
1009566
1009567
1009572
1009573
1009574
1009577
1009578
1009583
1009586
1009587
1009588
1009591
1009596
1009598
1009605
1009606
1009607
1009608
1009611
1009613
1009616
1009620
1009624
1009627
1009628
1009629
1009636
1009638
1009640
1009642
1009643
1009644
1009652
1009653
1009655
1009656
1009660
1009661
1009662
1009666
1009667
1009672
1009674
1009676
1009677
1009681
1009683
1009684
1009687
1009688
1009690
1009692
1009695
1009696
1009699
1009702
1009705
1009707
1009708
1009714
1009720
1009729
1009732
1009736
1009737
1009738
1009739
1009740
1009748
1009751
1009754
1009755
1009756
1009757
1009759
1009766
1009767
1009768
1009770
1009772
1009777
1009785
1009786
1009789
1009790
1009793
1009798
1009799
1009800
1009807
1009810
1009812
1009815
1009820
1009821
1009825
1009827
1009830
1009833
1009834
1009838
1009843
1009848
1009854
1009857
1009860
1009868
1009871
1009873
1009874
1009880
1009881
1009883
1009891
1009893
1009896
1009900
1009901
1009904
1009914
1009916
1009920
1009921
1009924
1009927
1009928
1009930
1009931
1009932
1009936
1009938
1009939
1009940
1009951
1009953
1009954
1009956
1009958
1009964
1009969
1009971
1009976
1009977
1009978
1009980
1009981
1009983
1009985
1009986
1009987
1009988
1009991
1009992
1009994
1009995
1009997
1009999
1010000
1010003
1010008
1010010
1010013
1010016
1010018
1010022
1010023
1010024
1010026
1010027
1010029
1010033
1010036
1010041
1010043
1010044
1010052
1010053
1010054
1010055
1010056
1010057
1010059
1010062
1010063
1010065
1010066
1010067
1010068
1010070
1010071
1010073
1010074
1010079
1010082
1010090
1010096
1010105
1010106
1010110
1010114
1010115
1010120
1010124
1010128
1010130
1010135
1010136
1010138
1010147
1010157
1010159
1010160
1010161
1010162
1010167
1010172
1010174
1010175
1010177
1010178
1010179
1010180
1010182
1010184
1010185
1010189
1010192
1010193
1010198
1010203
1010207
1010208
1010209
1010211
1010213
1010214
1010215
1010218
1010219
1010220
1010221
1010225
1010226
1010229
1010230
1010231
1010232
1010233
1010235
1010236
1010241
1010246
1010247
1010251
1010254
1010255
1010257
1010259
1010263
1010264
1010265
1010266
1010267
1010268
1010269
1010270
1010271
1010272
1010275
1010277
1010278
1010284
1010285
1010286
1010292
1010296
1010299
1010300
1010307
1010309
1010310
1010311
1010312
1010315
1010319
1010321
1010325
1010326
1010327
1010329
1010331
1010334
1010335
1010336
1010337
1010342
1010343
1010344
1010346
1010349
1010352
1010361
1010370
1010376
1010380
1010383
1010384
1010388
1010390
1010392
1010397
1010399
1010402
1010406
1010407
1010411
1010412
1010415
1010419
1010422
1010423
1010432
1010435
1010442
1010444
1010445
1010453
1010456
1010457
1010458
1010460
1010461
1010464
1010469
1010471
1010472
1010474
1010476
1010477
1010480
1010482
1010483
1010485
1010496
1010497
1010498
1010499
1010500
1010511
1010513
1010514
1010518
1010519
1010520
1010525
1010526
1010527
1010530
1010531
1010533
1010536
1010543
1010545
1010546
1010547
1010548
1010553
1010554
1010556
1010558
1010559
1010567
1010570
1010572
1010575
1010580
1010582
1010584
1010585
1010586
1010587
1010592
1010594
1010596
1010597
1010599
1010601
1010604
1010607
1010616
1010617
1010624
1010630
1010631
1010635
1010636
1010637
1010638
1010640
1010641
1010642
1010645
1010646
1010647
1010648
1010653
1010659
1010666
1010668
1010671
1010673
1010674
1010677
1010678
1010685
1010688
1010689
1010691
1010695
1010696
1010698
1010699
1010707
1010710
1010712
1010716
1010717
1010722
1010732
1010735
1010737
1010740
1010749
1010750
1010751
1010752
1010758
1010759
1010760
1010763
1010764
1010775
1010777
1010783
1010784
1010785
1010789
1010792
1010796
1010798
1010799
1010803
1010805
1010810
1010811
1010812
1010813
1010815
1010822
1010823
1010826
1010829
1010832
1010833
1010835
1010838
1010841
1010847
1010850
1010854
1010859
1010861
1010862
1010864
1010868
1010869
1010870
1010872
1010875
1010876
1010881
1010882
1010883
1010885
1010904
1010905
1010910
1010913
1010916
1010918
1010926
1010928
1010930
1010932
1010935
1010936
1010937
1010939
1010942
1010943
1010955
1010956
1010957
1010963
1010969
1010970
1010973
1010980
1010981
1010985
1010989
1010990
1010998
1011001
1011004
1011005
1011006
1011009
1011011
1011013
1011014
1011016
1011017
1011020
1011023
1011025
1011027
1011028
1011033
1011034
1011036
1011039
1011041
1011042
1011045
1011047
1011048
1011051
1011057
1011058
1011064
1011069
1011071
1011073
1011076
1011077
1011083
1011084
1011086
1011090
1011096
1011109
1011115
1011116
1011121
1011122
1011123
1011129
1011132
1011133
1011134
1011135
1011141
1011142
1011143
1011148
1011150
1011161
1011162
1011163
1011164
1011166
1011170
1011171
1011180
1011181
1011183
1011184
1011194
1011198
1011200
1011214
1011215
1011216
1011217
1011221
1011226
1011228
1011230
1011235
1011238
1011241
1011244
1011245
1011251
1011255
1011257
1011259
1011260
1011267
1011271
1011275
1011280
1011282
1011284
1011287
1011293
1011294
1011296
1011304
1011305
1011307
1011309
1011324
1011328
1011330
1011334
1011335
1011339
1011340
1011344
1011345
1011348
1011349
1011352
1011358
1011359
1011366
1011370
1011372
1011373
1011377
1011378
1011379
1011380
1011385
1011388
1011391
1011405
1011408
1011409
1011413
1011415
1011420
1011421
1011422
1011425
1011428
1011431
1011435
1011438
1011442
1011445
1011448
1011455
1011456
1011457
1011459
1011460
1011465
1011469
1011471
1011472
1011475
1011476
1011477
1011478
1011479
1011482
1011487
1011494
1011498
1011504
1011506
1011511
1011515
1011525
1011534
1011535
1011538
1011540
1011546
1011550
1011551
1011556
1011557
1011560
1011566
1011567
1011571
1011576
1011578
1011579
1011583
1011588
1011589
1011591
1011593
1011594
1011598
1011601
1011612
1011614
1011617
1011620
1011621
1011622
1011629
1011632
1011636
1011638
1011649
1011652
1011656
1011657
1011661
1011663
1011664
1011670
1011673
1011674
1011675
1011679
1011683
1011689
1011693
1011703
1011706
1011709
1011710
1011711
1011712
1011713
1011716
1011717
1011718
1011726
1011729
1011732
1011733
1011734
1011736
1011741
1011742
1011743
1011744
1011750
1011762
1011787
1011791
1011794
1011795
1011797
1011804
1011805
1011810
1011811
1011822
1011825
1011830
1011832
1011843
1011845
1011846
1011866
1011868
1011870
1011871
1011872
1011885
1011897
1011913
1011915
1011924
1011926
1011930
1011948
1011963
1011971
1011984
1011987
1011988
1011995
1012004
1012015
1012025
1012032
1012033
1012036
1012044
1012051
1012071
1012072
1012074
1012086
1012087
1012088
1012089
1012097
1012099
1012117
1012122
1012135
1012139
1012146
1012147
1012149
1012150
1012163
1012167
1012183
1012195
1012203
1012206
1012227
1012229
1012239
1012241
1012252
1012255
1012273
1012276
1012289
1012292
1012293
1012329
1012339
1012340
1012343
1012345
1012349
1012362
1012372
1012383
1012396
1012397
1012403
1012405
1012410
1012417
1012438
1012441
1012456
1012472
1012482
1012485
1012497
1012506
1012510
1012511
1012514
1012522
1012531
1012538
1012550
1012559
1012574
1012585
1012586
1012597
1012606
1012608
1012613
1012622
1012623
1012625
1012630
1012633
1012634
1012635
1012642
1012644
1012652
1012662
1012672
1012699
1012710
1012721
1012723
1012724
1012731
1012734
1012737
1012739
1012740
1012746
1012760
1012779
1012787
1012791
1012792
1012794
1012796
1012798
1012810
1012817
1012822
1012832
1012836
1012844
1012848
1012851
1012854
1012865
1012872
1012879
1012885
1012886
1012890
1012904
1012907
1012914
1012915
1012921
1012928
1012938
1012943
1012947
1012949
1012950
1012956
1012959
1012963
1012971
1012976
1012980
1012985
1012987
1013019
1013023
1013024
1013028
1013030
1013039
1013042
1013062
1013066
1013081
1013086
1013087
1013104
1013108
1013116
1013122
1013126
1013135
1013141
1013147
1013153
1013173
1013175
1013198
1013206
1013210
1013214
1013223
1013232
1013233
1013239
1013242
1013251
1013258
1013263
1013267
1013268
1013288
1013295
1013307
1013310
1013311
1013314
1013315
1013316
1013319
1013337
1013342
1013344
1013345
1013346
1013350
1013351
1013353
1013356
1013381
1013387
1013394
1013415
1013421
1013427
1013432
1013433
1013434
1013442
1013445
1013454
1013455
1013465
1013479
1013480
1013486
1013491
1013495
1013505
1013506
1013527
1013530
1013532
1013551
1013573
1013575
1013579
1013581
1013591
1013592
1013600
1013606
1013618
1013630
1013631
1013656
1013666
1013673
1013681
1013689
1013695
1013696
1013697
1013711
1013714
1013720
1013723
1013731
1013735
1013739
1013745
1013756
1013760
1013762
1013780
1013783
1013801
1013807
1013808
1013810
1013816
1013818
1013821
1013825
1013829
1013830
1013836
1013843
1013900
1013904
1014021
1014037
1014039
1014062
1014196
1014284
1014288
1014291
1014363
1014384
1014399
1014430
1014438
1014519
1014531
1014630
1014678
1014732
1014775
1014790
1014805
1014893
1014914
1014920
1015030
1015093
1015139
1015164
1015208
1015247
1015324
1015337
1015350
1015379
1015447
1015462
1015475
1015477
1015507
1015533
1015653
1015674
1015690
1015747
1015801
1015816
1015823
1015825
1015861
1015887
1016052
1016081
1016086
1016087
1016095
1016159
1016186
1016187
1016304
1016326
1016355
1016373
1016378
1016446
1016531
1016557
1016572
1016643
1016647
1016656
1016687
1016720
1016726
1016783
1016800
1016807
1016820
1016827
1016886
1016986
1017021
1017062
1017074
1017166
1017198
1017206
1017242
1017254
1017431
1017432
1017446
1017494
1017504
1017554
1017575
1017657
1017735
1017766
1017772
1017782
1017828
1017852
1017864
1017865
1017876
1017889
1018013
1018174
1018176
1018178
1018181
1018186
1018202
1018251
1018254
1018257
1018343
1018934
1019158
1019193
1019528
1019709
1019751
1019970
1020090
1020256
1020410
1020422
1020447
1020613
1020866
1020903
1020990
1021404
1021591
1022259
1022489
1022567
1022798
1022845
1023472
1023675
1023828
1024217
1024221
1024762
1025233
1026000
1026777
1027246
1027758
1027793
1028570
1029019
1029138
1029675
