4120 4
1064060 0 0 0
1064061 0 0 0
1064062 0 0 0
1064063 0 0 0
1064064 0 0 0
1064065 0 0 0
1064066 0 0 0
1064067 0 0 0
1064068 0 0 0
1064069 0 0 0
1064070 0 0 0
1064071 0 0 0
1064072 0 0 0
1064073 0 0 0
1064074 0 0 0
1064075 0 0 0
1064076 0 0 0
1064077 0 0 0
1064078 0 0 0
1064079 0 0 0
1064080 0 0 0
1064081 0 0 0
1064082 0 0 0
1064083 0 0 0
1064084 0 0 0
1064085 0 0 0
1064086 0 0 0
1064087 0 0 0
1064088 0 0 0
1064089 0 0 0
1064090 0 0 0
1064091 0 0 0
1064092 0 0 0
1064093 0 0 0
1064094 0 0 0
1064095 0 0 0
1064096 0 0 0
1064097 0 0 0
1064098 0 0 0
1064099 0 0 0
1064140 0 0 0
1064141 0 0 0
1064142 0 0 0
1064143 0 0 0
1064144 0 0 0
1064145 0 0 0
1064146 0 0 0
1064147 0 0 0
1064148 0 0 0
1064149 0 0 0
1064150 0 0 0
1064151 0 0 0
1064152 0 0 0
1064153 0 0 0
1064154 0 0 0
1064155 0 0 0
1064156 0 0 0
1064157 0 0 0
1064158 0 0 0
1064159 0 0 0
1064160 0 0 0
1064161 0 0 0
1064162 0 0 0
1064163 0 0 0
1064164 0 0 0
1064165 0 0 0
1064166 0 0 0
1064167 0 0 0
1064168 0 0 0
1064169 0 0 0
1064170 0 0 0
1064171 0 0 0
1064172 0 0 0
1064173 0 0 0
1064174 0 0 0
1064175 0 0 0
1064176 0 0 0
1064177 0 0 0
1064178 0 0 0
1064179 0 0 0
1064180 0 0 0
1064181 0 0 0
1064182 0 0 0
1064183 0 0 0
1064184 0 0 0
1064185 0 0 0
1064186 0 0 0
1064187 0 0 0
1064188 0 0 0
1064189 0 0 0
1064190 0 0 0
1064191 0 0 0
1064192 0 0 0
1064193 0 0 0
1064194 0 0 0
1064195 0 0 0
1064196 0 0 0
1064197 0 0 0
1064198 0 0 0
1064199 0 0 0
1064200 0 0 0
1064201 0 0 0
1064202 0 0 0
1064203 0 0 0
1064204 0 0 0
1064205 0 0 0
1064206 0 0 0
1064207 0 0 0
1064208 0 0 0
1064209 0 0 0
1064210 0 0 0
1064211 0 0 0
1064212 0 0 0
1064213 0 0 0
1064214 0 0 0
1064215 0 0 0
1064216 0 0 0
1064217 0 0 0
1064218 0 0 0
1064219 0 0 0
1064540 0 0 0
1064541 0 0 0
1064542 0 0 0
1064543 0 0 0
1064544 0 0 0
1064545 0 0 0
1064546 0 0 0
1064547 0 0 0
1064548 0 0 0
1064549 0 0 0
1064550 0 0 0
1064551 0 0 0
1064552 0 0 0
1064553 0 0 0
1064554 0 0 0
1064555 0 0 0
1064556 0 0 0
1064557 0 0 0
1064558 0 0 0
1064559 0 0 0
1064560 0 0 0
1064561 0 0 0
1064562 0 0 0
1064563 0 0 0
1064564 0 0 0
1064565 0 0 0
1064566 0 0 0
1064567 0 0 0
1064568 0 0 0
1064569 0 0 0
1064570 0 0 0
1064571 0 0 0
1064572 0 0 0
1064573 0 0 0
1064574 0 0 0
1064575 0 0 0
1064576 0 0 0
1064577 0 0 0
1064578 0 0 0
1064579 0 0 0
1064620 0 0 0
1064621 0 0 0
1064622 0 0 0
1064623 0 0 0
1064624 0 0 0
1064625 0 0 0
1064626 0 0 0
1064627 0 0 0
1064628 0 0 0
1064629 0 0 0
1064630 0 0 0
1064631 0 0 0
1064632 0 0 0
1064633 0 0 0
1064634 0 0 0
1064635 0 0 0
1064636 0 0 0
1064637 0 0 0
1064638 0 0 0
1064639 0 0 0
1064640 0 0 0
1064641 0 0 0
1064642 0 0 0
1064643 0 0 0
1064644 0 0 0
1064645 0 0 0
1064646 0 0 0
1064647 0 0 0
1064648 0 0 0
1064649 0 0 0
1064650 0 0 0
1064651 0 0 0
1064652 0 0 0
1064653 0 0 0
1064654 0 0 0
1064655 0 0 0
1064656 0 0 0
1064657 0 0 0
1064658 0 0 0
1064659 0 0 0
1064700 0 0 0
1064701 0 0 0
1064702 0 0 0
1064703 0 0 0
1064704 0 0 0
1064705 0 0 0
1064706 0 0 0
1064707 0 0 0
1064708 0 0 0
1064709 0 0 0
1064710 0 0 0
1064711 0 0 0
1064712 0 0 0
1064713 0 0 0
1064714 0 0 0
1064715 0 0 0
1064716 0 0 0
1064717 0 0 0
1064718 0 0 0
1064719 0 0 0
1064720 0 0 0
1064721 0 0 0
1064722 0 0 0
1064723 0 0 0
1064724 0 0 0
1064725 0 0 0
1064726 0 0 0
1064727 0 0 0
1064728 0 0 0
1064729 0 0 0
1064730 0 0 0
1064731 0 0 0
1064732 0 0 0
1064733 0 0 0
1064734 0 0 0
1064735 0 0 0
1064736 0 0 0
1064737 0 0 0
1064738 0 0 0
1064739 0 0 0
1064780 0 0 0
1064781 0 0 0
1064782 0 0 0
1064783 0 0 0
1064784 0 0 0
1064785 0 0 0
1064786 0 0 0
1064787 0 0 0
1064788 0 0 0
1064789 0 0 0
1064790 0 0 0
1064791 0 0 0
1064792 0 0 0
1064793 0 0 0
1064794 0 0 0
1064795 0 0 0
1064796 0 0 0
1064797 0 0 0
1064798 0 0 0
1064799 0 0 0
1064800 0 0 0
1064801 0 0 0
1064802 0 0 0
1064803 0 0 0
1064804 0 0 0
1064805 0 0 0
1064806 0 0 0
1064807 0 0 0
1064808 0 0 0
1064809 0 0 0
1064810 0 0 0
1064811 0 0 0
1064812 0 0 0
1064813 0 0 0
1064814 0 0 0
1064815 0 0 0
1064816 0 0 0
1064817 0 0 0
1064818 0 0 0
1064819 0 0 0
1064820 0 0 0
1064821 0 0 0
1064822 0 0 0
1064823 0 0 0
1064824 0 0 0
1064825 0 0 0
1064826 0 0 0
1064827 0 0 0
1064828 0 0 0
1064829 0 0 0
1064830 0 0 0
1064831 0 0 0
1064832 0 0 0
1064833 0 0 0
1064834 0 0 0
1064835 0 0 0
1064836 0 0 0
1064837 0 0 0
1064838 0 0 0
1064839 0 0 0
1064840 0 0 0
1064841 0 0 0
1064842 0 0 0
1064843 0 0 0
1064844 0 0 0
1064845 0 0 0
1064846 0 0 0
1064847 0 0 0
1064848 0 0 0
1064849 0 0 0
1064850 0 0 0
1064851 0 0 0
1064852 0 0 0
1064853 0 0 0
1064854 0 0 0
1064855 0 0 0
1064856 0 0 0
1064857 0 0 0
1064858 0 0 0
1064859 0 0 0
1064860 0 0 0
1064861 0 0 0
1064862 0 0 0
1064863 0 0 0
1064864 0 0 0
1064865 0 0 0
1064866 0 0 0
1064867 0 0 0
1064868 0 0 0
1064869 0 0 0
1064870 0 0 0
1064871 0 0 0
1064872 0 0 0
1064873 0 0 0
1064874 0 0 0
1064875 0 0 0
1064876 0 0 0
1064877 0 0 0
1064878 0 0 0
1064879 0 0 0
1064880 0 0 0
1064881 0 0 0
1064882 0 0 0
1064883 0 0 0
1064884 0 0 0
1064885 0 0 0
1064886 0 0 0
1064887 0 0 0
1064888 0 0 0
1064889 0 0 0
1064890 0 0 0
1064891 0 0 0
1064892 0 0 0
1064893 0 0 0
1064894 0 0 0
1064895 0 0 0
1064896 0 0 0
1064897 0 0 0
1064898 0 0 0
1064899 0 0 0
1064900 0 0 0
1064901 0 0 0
1064902 0 0 0
1064903 0 0 0
1064904 0 0 0
1064905 0 0 0
1064906 0 0 0
1064907 0 0 0
1064908 0 0 0
1064909 0 0 0
1064910 0 0 0
1064911 0 0 0
1064912 0 0 0
1064913 0 0 0
1064914 0 0 0
1064915 0 0 0
1064916 0 0 0
1064917 0 0 0
1064918 0 0 0
1064919 0 0 0
1064920 0 0 0
1064921 0 0 0
1064922 0 0 0
1064923 0 0 0
1064924 0 0 0
1064925 0 0 0
1064926 0 0 0
1064927 0 0 0
1064928 0 0 0
1064929 0 0 0
1064930 0 0 0
1064931 0 0 0
1064932 0 0 0
1064933 0 0 0
1064934 0 0 0
1064935 0 0 0
1064936 0 0 0
1064937 0 0 0
1064938 0 0 0
1064939 0 0 0
1064980 0 0 0
1064981 0 0 0
1064982 0 0 0
1064983 0 0 0
1064984 0 0 0
1064985 0 0 0
1064986 0 0 0
1064987 0 0 0
1064988 0 0 0
1064989 0 0 0
1064990 0 0 0
1064991 0 0 0
1064992 0 0 0
1064993 0 0 0
1064994 0 0 0
1064995 0 0 0
1064996 0 0 0
1064997 0 0 0
1064998 0 0 0
1064999 0 0 0
1065000 0 0 0
1065001 0 0 0
1065002 0 0 0
1065003 0 0 0
1065004 0 0 0
1065005 0 0 0
1065006 0 0 0
1065007 0 0 0
1065008 0 0 0
1065009 0 0 0
1065010 0 0 0
1065011 0 0 0
1065012 0 0 0
1065013 0 0 0
1065014 0 0 0
1065015 0 0 0
1065016 0 0 0
1065017 0 0 0
1065018 0 0 0
1065019 0 0 0
1065020 0 0 0
1065021 0 0 0
1065022 0 0 0
1065023 0 0 0
1065024 0 0 0
1065025 0 0 0
1065026 0 0 0
1065027 0 0 0
1065028 0 0 0
1065029 0 0 0
1065030 0 0 0
1065031 0 0 0
1065032 0 0 0
1065033 0 0 0
1065034 0 0 0
1065035 0 0 0
1065036 0 0 0
1065037 0 0 0
1065038 0 0 0
1065039 0 0 0
1065040 0 0 0
1065041 0 0 0
1065042 0 0 0
1065043 0 0 0
1065044 0 0 0
1065045 0 0 0
1065046 0 0 0
1065047 0 0 0
1065048 0 0 0
1065049 0 0 0
1065050 0 0 0
1065051 0 0 0
1065052 0 0 0
1065053 0 0 0
1065054 0 0 0
1065055 0 0 0
1065056 0 0 0
1065057 0 0 0
1065058 0 0 0
1065059 0 0 0
1065100 0 0 0
1065101 0 0 0
1065102 0 0 0
1065103 0 0 0
1065104 0 0 0
1065105 0 0 0
1065106 0 0 0
1065107 0 0 0
1065108 0 0 0
1065109 0 0 0
1065110 0 0 0
1065111 0 0 0
1065112 0 0 0
1065113 0 0 0
1065114 0 0 0
1065115 0 0 0
1065116 0 0 0
1065117 0 0 0
1065118 0 0 0
1065119 0 0 0
1065120 0 0 0
1065121 0 0 0
1065122 0 0 0
1065123 0 0 0
1065124 0 0 0
1065125 0 0 0
1065126 0 0 0
1065127 0 0 0
1065128 0 0 0
1065129 0 0 0
1065130 0 0 0
1065131 0 0 0
1065132 0 0 0
1065133 0 0 0
1065134 0 0 0
1065135 0 0 0
1065136 0 0 0
1065137 0 0 0
1065138 0 0 0
1065139 0 0 0
1065180 0 0 0
1065181 0 0 0
1065182 0 0 0
1065183 0 0 0
1065184 0 0 0
1065185 0 0 0
1065186 0 0 0
1065187 0 0 0
1065188 0 0 0
1065189 0 0 0
1065190 0 0 0
1065191 0 0 0
1065192 0 0 0
1065193 0 0 0
1065194 0 0 0
1065195 0 0 0
1065196 0 0 0
1065197 0 0 0
1065198 0 0 0
1065199 0 0 0
1065200 0 0 0
1065201 0 0 0
1065202 0 0 0
1065203 0 0 0
1065204 0 0 0
1065205 0 0 0
1065206 0 0 0
1065207 0 0 0
1065208 0 0 0
1065209 0 0 0
1065210 0 0 0
1065211 0 0 0
1065212 0 0 0
1065213 0 0 0
1065214 0 0 0
1065215 0 0 0
1065216 0 0 0
1065217 0 0 0
1065218 0 0 0
1065219 0 0 0
1065220 0 0 0
1065221 0 0 0
1065222 0 0 0
1065223 0 0 0
1065224 0 0 0
1065225 0 0 0
1065226 0 0 0
1065227 0 0 0
1065228 0 0 0
1065229 0 0 0
1065230 0 0 0
1065231 0 0 0
1065232 0 0 0
1065233 0 0 0
1065234 0 0 0
1065235 0 0 0
1065236 0 0 0
1065237 0 0 0
1065238 0 0 0
1065239 0 0 0
1065240 0 0 0
1065241 0 0 0
1065242 0 0 0
1065243 0 0 0
1065244 0 0 0
1065245 0 0 0
1065246 0 0 0
1065247 0 0 0
1065248 0 0 0
1065249 0 0 0
1065250 0 0 0
1065251 0 0 0
1065252 0 0 0
1065253 0 0 0
1065254 0 0 0
1065255 0 0 0
1065256 0 0 0
1065257 0 0 0
1065258 0 0 0
1065259 0 0 0
1065260 0 0 0
1065261 0 0 0
1065262 0 0 0
1065263 0 0 0
1065264 0 0 0
1065265 0 0 0
1065266 0 0 0
1065267 0 0 0
1065268 0 0 0
1065269 0 0 0
1065270 0 0 0
1065271 0 0 0
1065272 0 0 0
1065273 0 0 0
1065274 0 0 0
1065275 0 0 0
1065276 0 0 0
1065277 0 0 0
1065278 0 0 0
1065279 0 0 0
1065280 0 0 0
1065281 0 0 0
1065282 0 0 0
1065283 0 0 0
1065284 0 0 0
1065285 0 0 0
1065286 0 0 0
1065287 0 0 0
1065288 0 0 0
1065289 0 0 0
1065290 0 0 0
1065291 0 0 0
1065292 0 0 0
1065293 0 0 0
1065294 0 0 0
1065295 0 0 0
1065296 0 0 0
1065297 0 0 0
1065298 0 0 0
1065299 0 0 0
1065300 0 0 0
1065301 0 0 0
1065302 0 0 0
1065303 0 0 0
1065304 0 0 0
1065305 0 0 0
1065306 0 0 0
1065307 0 0 0
1065308 0 0 0
1065309 0 0 0
1065310 0 0 0
1065311 0 0 0
1065312 0 0 0
1065313 0 0 0
1065314 0 0 0
1065315 0 0 0
1065316 0 0 0
1065317 0 0 0
1065318 0 0 0
1065319 0 0 0
1065320 0 0 0
1065321 0 0 0
1065322 0 0 0
1065323 0 0 0
1065324 0 0 0
1065325 0 0 0
1065326 0 0 0
1065327 0 0 0
1065328 0 0 0
1065329 0 0 0
1065330 0 0 0
1065331 0 0 0
1065332 0 0 0
1065333 0 0 0
1065334 0 0 0
1065335 0 0 0
1065336 0 0 0
1065337 0 0 0
1065338 0 0 0
1065339 0 0 0
1065380 0 0 0
1065381 0 0 0
1065382 0 0 0
1065383 0 0 0
1065384 0 0 0
1065385 0 0 0
1065386 0 0 0
1065387 0 0 0
1065388 0 0 0
1065389 0 0 0
1065390 0 0 0
1065391 0 0 0
1065392 0 0 0
1065393 0 0 0
1065394 0 0 0
1065395 0 0 0
1065396 0 0 0
1065397 0 0 0
1065398 0 0 0
1065399 0 0 0
1065400 0 0 0
1065401 0 0 0
1065402 0 0 0
1065403 0 0 0
1065404 0 0 0
1065405 0 0 0
1065406 0 0 0
1065407 0 0 0
1065408 0 0 0
1065409 0 0 0
1065410 0 0 0
1065411 0 0 0
1065412 0 0 0
1065413 0 0 0
1065414 0 0 0
1065415 0 0 0
1065416 0 0 0
1065417 0 0 0
1065418 0 0 0
1065419 0 0 0
1065420 0 0 0
1065421 0 0 0
1065422 0 0 0
1065423 0 0 0
1065424 0 0 0
1065425 0 0 0
1065426 0 0 0
1065427 0 0 0
1065428 0 0 0
1065429 0 0 0
1065430 0 0 0
1065431 0 0 0
1065432 0 0 0
1065433 0 0 0
1065434 0 0 0
1065435 0 0 0
1065436 0 0 0
1065437 0 0 0
1065438 0 0 0
1065439 0 0 0
1065440 0 0 0
1065441 0 0 0
1065442 0 0 0
1065443 0 0 0
1065444 0 0 0
1065445 0 0 0
1065446 0 0 0
1065447 0 0 0
1065448 0 0 0
1065449 0 0 0
1065450 0 0 0
1065451 0 0 0
1065452 0 0 0
1065453 0 0 0
1065454 0 0 0
1065455 0 0 0
1065456 0 0 0
1065457 0 0 0
1065458 0 0 0
1065459 0 0 0
1065460 0 0 0
1065461 0 0 0
1065462 0 0 0
1065463 0 0 0
1065464 0 0 0
1065465 0 0 0
1065466 0 0 0
1065467 0 0 0
1065468 0 0 0
1065469 0 0 0
1065470 0 0 0
1065471 0 0 0
1065472 0 0 0
1065473 0 0 0
1065474 0 0 0
1065475 0 0 0
1065476 0 0 0
1065477 0 0 0
1065478 0 0 0
1065479 0 0 0
1065480 0 0 0
1065481 0 0 0
1065482 0 0 0
1065483 0 0 0
1065484 0 0 0
1065485 0 0 0
1065486 0 0 0
1065487 0 0 0
1065488 0 0 0
1065489 0 0 0
1065490 0 0 0
1065491 0 0 0
1065492 0 0 0
1065493 0 0 0
1065494 0 0 0
1065495 0 0 0
1065496 0 0 0
1065497 0 0 0
1065498 0 0 0
1065499 0 0 0
1065500 0 0 0
1065501 0 0 0
1065502 0 0 0
1065503 0 0 0
1065504 0 0 0
1065505 0 0 0
1065506 0 0 0
1065507 0 0 0
1065508 0 0 0
1065509 0 0 0
1065510 0 0 0
1065511 0 0 0
1065512 0 0 0
1065513 0 0 0
1065514 0 0 0
1065515 0 0 0
1065516 0 0 0
1065517 0 0 0
1065518 0 0 0
1065519 0 0 0
1065520 0 0 0
1065521 0 0 0
1065522 0 0 0
1065523 0 0 0
1065524 0 0 0
1065525 0 0 0
1065526 0 0 0
1065527 0 0 0
1065528 0 0 0
1065529 0 0 0
1065530 0 0 0
1065531 0 0 0
1065532 0 0 0
1065533 0 0 0
1065534 0 0 0
1065535 0 0 0
1065536 0 0 0
1065537 0 0 0
1065538 0 0 0
1065539 0 0 0
1065540 0 0 0
1065541 0 0 0
1065542 0 0 0
1065543 0 0 0
1065544 0 0 0
1065545 0 0 0
1065546 0 0 0
1065547 0 0 0
1065548 0 0 0
1065549 0 0 0
1065550 0 0 0
1065551 0 0 0
1065552 0 0 0
1065553 0 0 0
1065554 0 0 0
1065555 0 0 0
1065556 0 0 0
1065557 0 0 0
1065558 0 0 0
1065559 0 0 0
1065560 0 0 0
1065561 0 0 0
1065562 0 0 0
1065563 0 0 0
1065564 0 0 0
1065565 0 0 0
1065566 0 0 0
1065567 0 0 0
1065568 0 0 0
1065569 0 0 0
1065570 0 0 0
1065571 0 0 0
1065572 0 0 0
1065573 0 0 0
1065574 0 0 0
1065575 0 0 0
1065576 0 0 0
1065577 0 0 0
1065578 0 0 0
1065579 0 0 0
1065580 0 0 0
1065581 0 0 0
1065582 0 0 0
1065583 0 0 0
1065584 0 0 0
1065585 0 0 0
1065586 0 0 0
1065587 0 0 0
1065588 0 0 0
1065589 0 0 0
1065590 0 0 0
1065591 0 0 0
1065592 0 0 0
1065593 0 0 0
1065594 0 0 0
1065595 0 0 0
1065596 0 0 0
1065597 0 0 0
1065598 0 0 0
1065599 0 0 0
1065600 0 0 0
1065601 0 0 0
1065602 0 0 0
1065603 0 0 0
1065604 0 0 0
1065605 0 0 0
1065606 0 0 0
1065607 0 0 0
1065608 0 0 0
1065609 0 0 0
1065610 0 0 0
1065611 0 0 0
1065612 0 0 0
1065613 0 0 0
1065614 0 0 0
1065615 0 0 0
1065616 0 0 0
1065617 0 0 0
1065618 0 0 0
1065619 0 0 0
1065620 0 0 0
1065621 0 0 0
1065622 0 0 0
1065623 0 0 0
1065624 0 0 0
1065625 0 0 0
1065626 0 0 0
1065627 0 0 0
1065628 0 0 0
1065629 0 0 0
1065630 0 0 0
1065631 0 0 0
1065632 0 0 0
1065633 0 0 0
1065634 0 0 0
1065635 0 0 0
1065636 0 0 0
1065637 0 0 0
1065638 0 0 0
1065639 0 0 0
1065640 0 0 0
1065641 0 0 0
1065642 0 0 0
1065643 0 0 0
1065644 0 0 0
1065645 0 0 0
1065646 0 0 0
1065647 0 0 0
1065648 0 0 0
1065649 0 0 0
1065650 0 0 0
1065651 0 0 0
1065652 0 0 0
1065653 0 0 0
1065654 0 0 0
1065655 0 0 0
1065656 0 0 0
1065657 0 0 0
1065658 0 0 0
1065659 0 0 0
1065700 0 0 0
1065701 0 0 0
1065702 0 0 0
1065703 0 0 0
1065704 0 0 0
1065705 0 0 0
1065706 0 0 0
1065707 0 0 0
1065708 0 0 0
1065709 0 0 0
1065710 0 0 0
1065711 0 0 0
1065712 0 0 0
1065713 0 0 0
1065714 0 0 0
1065715 0 0 0
1065716 0 0 0
1065717 0 0 0
1065718 0 0 0
1065719 0 0 0
1065720 0 0 0
1065721 0 0 0
1065722 0 0 0
1065723 0 0 0
1065724 0 0 0
1065725 0 0 0
1065726 0 0 0
1065727 0 0 0
1065728 0 0 0
1065729 0 0 0
1065730 0 0 0
1065731 0 0 0
1065732 0 0 0
1065733 0 0 0
1065734 0 0 0
1065735 0 0 0
1065736 0 0 0
1065737 0 0 0
1065738 0 0 0
1065739 0 0 0
1065740 0 0 0
1065741 0 0 0
1065742 0 0 0
1065743 0 0 0
1065744 0 0 0
1065745 0 0 0
1065746 0 0 0
1065747 0 0 0
1065748 0 0 0
1065749 0 0 0
1065750 0 0 0
1065751 0 0 0
1065752 0 0 0
1065753 0 0 0
1065754 0 0 0
1065755 0 0 0
1065756 0 0 0
1065757 0 0 0
1065758 0 0 0
1065759 0 0 0
1065760 0 0 0
1065761 0 0 0
1065762 0 0 0
1065763 0 0 0
1065764 0 0 0
1065765 0 0 0
1065766 0 0 0
1065767 0 0 0
1065768 0 0 0
1065769 0 0 0
1065770 0 0 0
1065771 0 0 0
1065772 0 0 0
1065773 0 0 0
1065774 0 0 0
1065775 0 0 0
1065776 0 0 0
1065777 0 0 0
1065778 0 0 0
1065779 0 0 0
1065860 0 0 0
1065861 0 0 0
1065862 0 0 0
1065863 0 0 0
1065864 0 0 0
1065865 0 0 0
1065866 0 0 0
1065867 0 0 0
1065868 0 0 0
1065869 0 0 0
1065870 0 0 0
1065871 0 0 0
1065872 0 0 0
1065873 0 0 0
1065874 0 0 0
1065875 0 0 0
1065876 0 0 0
1065877 0 0 0
1065878 0 0 0
1065879 0 0 0
1065880 0 0 0
1065881 0 0 0
1065882 0 0 0
1065883 0 0 0
1065884 0 0 0
1065885 0 0 0
1065886 0 0 0
1065887 0 0 0
1065888 0 0 0
1065889 0 0 0
1065890 0 0 0
1065891 0 0 0
1065892 0 0 0
1065893 0 0 0
1065894 0 0 0
1065895 0 0 0
1065896 0 0 0
1065897 0 0 0
1065898 0 0 0
1065899 0 0 0
1065900 0 0 0
1065901 0 0 0
1065902 0 0 0
1065903 0 0 0
1065904 0 0 0
1065905 0 0 0
1065906 0 0 0
1065907 0 0 0
1065908 0 0 0
1065909 0 0 0
1065910 0 0 0
1065911 0 0 0
1065912 0 0 0
1065913 0 0 0
1065914 0 0 0
1065915 0 0 0
1065916 0 0 0
1065917 0 0 0
1065918 0 0 0
1065919 0 0 0
1065920 0 0 0
1065921 0 0 0
1065922 0 0 0
1065923 0 0 0
1065924 0 0 0
1065925 0 0 0
1065926 0 0 0
1065927 0 0 0
1065928 0 0 0
1065929 0 0 0
1065930 0 0 0
1065931 0 0 0
1065932 0 0 0
1065933 0 0 0
1065934 0 0 0
1065935 0 0 0
1065936 0 0 0
1065937 0 0 0
1065938 0 0 0
1065939 0 0 0
1065940 0 0 0
1065941 0 0 0
1065942 0 0 0
1065943 0 0 0
1065944 0 0 0
1065945 0 0 0
1065946 0 0 0
1065947 0 0 0
1065948 0 0 0
1065949 0 0 0
1065950 0 0 0
1065951 0 0 0
1065952 0 0 0
1065953 0 0 0
1065954 0 0 0
1065955 0 0 0
1065956 0 0 0
1065957 0 0 0
1065958 0 0 0
1065959 0 0 0
1065960 0 0 0
1065961 0 0 0
1065962 0 0 0
1065963 0 0 0
1065964 0 0 0
1065965 0 0 0
1065966 0 0 0
1065967 0 0 0
1065968 0 0 0
1065969 0 0 0
1065970 0 0 0
1065971 0 0 0
1065972 0 0 0
1065973 0 0 0
1065974 0 0 0
1065975 0 0 0
1065976 0 0 0
1065977 0 0 0
1065978 0 0 0
1065979 0 0 0
1065980 0 0 0
1065981 0 0 0
1065982 0 0 0
1065983 0 0 0
1065984 0 0 0
1065985 0 0 0
1065986 0 0 0
1065987 0 0 0
1065988 0 0 0
1065989 0 0 0
1065990 0 0 0
1065991 0 0 0
1065992 0 0 0
1065993 0 0 0
1065994 0 0 0
1065995 0 0 0
1065996 0 0 0
1065997 0 0 0
1065998 0 0 0
1065999 0 0 0
1066000 0 0 0
1066001 0 0 0
1066002 0 0 0
1066003 0 0 0
1066004 0 0 0
1066005 0 0 0
1066006 0 0 0
1066007 0 0 0
1066008 0 0 0
1066009 0 0 0
1066010 0 0 0
1066011 0 0 0
1066012 0 0 0
1066013 0 0 0
1066014 0 0 0
1066015 0 0 0
1066016 0 0 0
1066017 0 0 0
1066018 0 0 0
1066019 0 0 0
1066020 0 0 0
1066021 0 0 0
1066022 0 0 0
1066023 0 0 0
1066024 0 0 0
1066025 0 0 0
1066026 0 0 0
1066027 0 0 0
1066028 0 0 0
1066029 0 0 0
1066030 0 0 0
1066031 0 0 0
1066032 0 0 0
1066033 0 0 0
1066034 0 0 0
1066035 0 0 0
1066036 0 0 0
1066037 0 0 0
1066038 0 0 0
1066039 0 0 0
1066040 0 0 0
1066041 0 0 0
1066042 0 0 0
1066043 0 0 0
1066044 0 0 0
1066045 0 0 0
1066046 0 0 0
1066047 0 0 0
1066048 0 0 0
1066049 0 0 0
1066050 0 0 0
1066051 0 0 0
1066052 0 0 0
1066053 0 0 0
1066054 0 0 0
1066055 0 0 0
1066056 0 0 0
1066057 0 0 0
1066058 0 0 0
1066059 0 0 0
1066060 0 0 0
1066061 0 0 0
1066062 0 0 0
1066063 0 0 0
1066064 0 0 0
1066065 0 0 0
1066066 0 0 0
1066067 0 0 0
1066068 0 0 0
1066069 0 0 0
1066070 0 0 0
1066071 0 0 0
1066072 0 0 0
1066073 0 0 0
1066074 0 0 0
1066075 0 0 0
1066076 0 0 0
1066077 0 0 0
1066078 0 0 0
1066079 0 0 0
1066080 0 0 0
1066081 0 0 0
1066082 0 0 0
1066083 0 0 0
1066084 0 0 0
1066085 0 0 0
1066086 0 0 0
1066087 0 0 0
1066088 0 0 0
1066089 0 0 0
1066090 0 0 0
1066091 0 0 0
1066092 0 0 0
1066093 0 0 0
1066094 0 0 0
1066095 0 0 0
1066096 0 0 0
1066097 0 0 0
1066098 0 0 0
1066099 0 0 0
1066100 0 0 0
1066101 0 0 0
1066102 0 0 0
1066103 0 0 0
1066104 0 0 0
1066105 0 0 0
1066106 0 0 0
1066107 0 0 0
1066108 0 0 0
1066109 0 0 0
1066110 0 0 0
1066111 0 0 0
1066112 0 0 0
1066113 0 0 0
1066114 0 0 0
1066115 0 0 0
1066116 0 0 0
1066117 0 0 0
1066118 0 0 0
1066119 0 0 0
1066120 0 0 0
1066121 0 0 0
1066122 0 0 0
1066123 0 0 0
1066124 0 0 0
1066125 0 0 0
1066126 0 0 0
1066127 0 0 0
1066128 0 0 0
1066129 0 0 0
1066130 0 0 0
1066131 0 0 0
1066132 0 0 0
1066133 0 0 0
1066134 0 0 0
1066135 0 0 0
1066136 0 0 0
1066137 0 0 0
1066138 0 0 0
1066139 0 0 0
1066140 0 0 0
1066141 0 0 0
1066142 0 0 0
1066143 0 0 0
1066144 0 0 0
1066145 0 0 0
1066146 0 0 0
1066147 0 0 0
1066148 0 0 0
1066149 0 0 0
1066150 0 0 0
1066151 0 0 0
1066152 0 0 0
1066153 0 0 0
1066154 0 0 0
1066155 0 0 0
1066156 0 0 0
1066157 0 0 0
1066158 0 0 0
1066159 0 0 0
1066160 0 0 0
1066161 0 0 0
1066162 0 0 0
1066163 0 0 0
1066164 0 0 0
1066165 0 0 0
1066166 0 0 0
1066167 0 0 0
1066168 0 0 0
1066169 0 0 0
1066170 0 0 0
1066171 0 0 0
1066172 0 0 0
1066173 0 0 0
1066174 0 0 0
1066175 0 0 0
1066176 0 0 0
1066177 0 0 0
1066178 0 0 0
1066179 0 0 0
1066180 0 0 0
1066181 0 0 0
1066182 0 0 0
1066183 0 0 0
1066184 0 0 0
1066185 0 0 0
1066186 0 0 0
1066187 0 0 0
1066188 0 0 0
1066189 0 0 0
1066190 0 0 0
1066191 0 0 0
1066192 0 0 0
1066193 0 0 0
1066194 0 0 0
1066195 0 0 0
1066196 0 0 0
1066197 0 0 0
1066198 0 0 0
1066199 0 0 0
1066200 0 0 0
1066201 0 0 0
1066202 0 0 0
1066203 0 0 0
1066204 0 0 0
1066205 0 0 0
1066206 0 0 0
1066207 0 0 0
1066208 0 0 0
1066209 0 0 0
1066210 0 0 0
1066211 0 0 0
1066212 0 0 0
1066213 0 0 0
1066214 0 0 0
1066215 0 0 0
1066216 0 0 0
1066217 0 0 0
1066218 0 0 0
1066219 0 0 0
1066220 0 0 0
1066221 0 0 0
1066222 0 0 0
1066223 0 0 0
1066224 0 0 0
1066225 0 0 0
1066226 0 0 0
1066227 0 0 0
1066228 0 0 0
1066229 0 0 0
1066230 0 0 0
1066231 0 0 0
1066232 0 0 0
1066233 0 0 0
1066234 0 0 0
1066235 0 0 0
1066236 0 0 0
1066237 0 0 0
1066238 0 0 0
1066239 0 0 0
1066240 0 0 0
1066241 0 0 0
1066242 0 0 0
1066243 0 0 0
1066244 0 0 0
1066245 0 0 0
1066246 0 0 0
1066247 0 0 0
1066248 0 0 0
1066249 0 0 0
1066250 0 0 0
1066251 0 0 0
1066252 0 0 0
1066253 0 0 0
1066254 0 0 0
1066255 0 0 0
1066256 0 0 0
1066257 0 0 0
1066258 0 0 0
1066259 0 0 0
1066300 0 0 0
1066301 0 0 0
1066302 0 0 0
1066303 0 0 0
1066304 0 0 0
1066305 0 0 0
1066306 0 0 0
1066307 0 0 0
1066308 0 0 0
1066309 0 0 0
1066310 0 0 0
1066311 0 0 0
1066312 0 0 0
1066313 0 0 0
1066314 0 0 0
1066315 0 0 0
1066316 0 0 0
1066317 0 0 0
1066318 0 0 0
1066319 0 0 0
1066320 0 0 0
1066321 0 0 0
1066322 0 0 0
1066323 0 0 0
1066324 0 0 0
1066325 0 0 0
1066326 0 0 0
1066327 0 0 0
1066328 0 0 0
1066329 0 0 0
1066330 0 0 0
1066331 0 0 0
1066332 0 0 0
1066333 0 0 0
1066334 0 0 0
1066335 0 0 0
1066336 0 0 0
1066337 0 0 0
1066338 0 0 0
1066339 0 0 0
1066380 0 0 0
1066381 0 0 0
1066382 0 0 0
1066383 0 0 0
1066384 0 0 0
1066385 0 0 0
1066386 0 0 0
1066387 0 0 0
1066388 0 0 0
1066389 0 0 0
1066390 0 0 0
1066391 0 0 0
1066392 0 0 0
1066393 0 0 0
1066394 0 0 0
1066395 0 0 0
1066396 0 0 0
1066397 0 0 0
1066398 0 0 0
1066399 0 0 0
1066400 0 0 0
1066401 0 0 0
1066402 0 0 0
1066403 0 0 0
1066404 0 0 0
1066405 0 0 0
1066406 0 0 0
1066407 0 0 0
1066408 0 0 0
1066409 0 0 0
1066410 0 0 0
1066411 0 0 0
1066412 0 0 0
1066413 0 0 0
1066414 0 0 0
1066415 0 0 0
1066416 0 0 0
1066417 0 0 0
1066418 0 0 0
1066419 0 0 0
1066420 0 0 0
1066421 0 0 0
1066422 0 0 0
1066423 0 0 0
1066424 0 0 0
1066425 0 0 0
1066426 0 0 0
1066427 0 0 0
1066428 0 0 0
1066429 0 0 0
1066430 0 0 0
1066431 0 0 0
1066432 0 0 0
1066433 0 0 0
1066434 0 0 0
1066435 0 0 0
1066436 0 0 0
1066437 0 0 0
1066438 0 0 0
1066439 0 0 0
1066440 0 0 0
1066441 0 0 0
1066442 0 0 0
1066443 0 0 0
1066444 0 0 0
1066445 0 0 0
1066446 0 0 0
1066447 0 0 0
1066448 0 0 0
1066449 0 0 0
1066450 0 0 0
1066451 0 0 0
1066452 0 0 0
1066453 0 0 0
1066454 0 0 0
1066455 0 0 0
1066456 0 0 0
1066457 0 0 0
1066458 0 0 0
1066459 0 0 0
1066460 0 0 0
1066461 0 0 0
1066462 0 0 0
1066463 0 0 0
1066464 0 0 0
1066465 0 0 0
1066466 0 0 0
1066467 0 0 0
1066468 0 0 0
1066469 0 0 0
1066470 0 0 0
1066471 0 0 0
1066472 0 0 0
1066473 0 0 0
1066474 0 0 0
1066475 0 0 0
1066476 0 0 0
1066477 0 0 0
1066478 0 0 0
1066479 0 0 0
1066480 0 0 0
1066481 0 0 0
1066482 0 0 0
1066483 0 0 0
1066484 0 0 0
1066485 0 0 0
1066486 0 0 0
1066487 0 0 0
1066488 0 0 0
1066489 0 0 0
1066490 0 0 0
1066491 0 0 0
1066492 0 0 0
1066493 0 0 0
1066494 0 0 0
1066495 0 0 0
1066496 0 0 0
1066497 0 0 0
1066498 0 0 0
1066499 0 0 0
1066500 0 0 0
1066501 0 0 0
1066502 0 0 0
1066503 0 0 0
1066504 0 0 0
1066505 0 0 0
1066506 0 0 0
1066507 0 0 0
1066508 0 0 0
1066509 0 0 0
1066510 0 0 0
1066511 0 0 0
1066512 0 0 0
1066513 0 0 0
1066514 0 0 0
1066515 0 0 0
1066516 0 0 0
1066517 0 0 0
1066518 0 0 0
1066519 0 0 0
1066520 0 0 0
1066521 0 0 0
1066522 0 0 0
1066523 0 0 0
1066524 0 0 0
1066525 0 0 0
1066526 0 0 0
1066527 0 0 0
1066528 0 0 0
1066529 0 0 0
1066530 0 0 0
1066531 0 0 0
1066532 0 0 0
1066533 0 0 0
1066534 0 0 0
1066535 0 0 0
1066536 0 0 0
1066537 0 0 0
1066538 0 0 0
1066539 0 0 0
1066540 0 0 0
1066541 0 0 0
1066542 0 0 0
1066543 0 0 0
1066544 0 0 0
1066545 0 0 0
1066546 0 0 0
1066547 0 0 0
1066548 0 0 0
1066549 0 0 0
1066550 0 0 0
1066551 0 0 0
1066552 0 0 0
1066553 0 0 0
1066554 0 0 0
1066555 0 0 0
1066556 0 0 0
1066557 0 0 0
1066558 0 0 0
1066559 0 0 0
1066560 0 0 0
1066561 0 0 0
1066562 0 0 0
1066563 0 0 0
1066564 0 0 0
1066565 0 0 0
1066566 0 0 0
1066567 0 0 0
1066568 0 0 0
1066569 0 0 0
1066570 0 0 0
1066571 0 0 0
1066572 0 0 0
1066573 0 0 0
1066574 0 0 0
1066575 0 0 0
1066576 0 0 0
1066577 0 0 0
1066578 0 0 0
1066579 0 0 0
1066580 0 0 0
1066581 0 0 0
1066582 0 0 0
1066583 0 0 0
1066584 0 0 0
1066585 0 0 0
1066586 0 0 0
1066587 0 0 0
1066588 0 0 0
1066589 0 0 0
1066590 0 0 0
1066591 0 0 0
1066592 0 0 0
1066593 0 0 0
1066594 0 0 0
1066595 0 0 0
1066596 0 0 0
1066597 0 0 0
1066598 0 0 0
1066599 0 0 0
1066600 0 0 0
1066601 0 0 0
1066602 0 0 0
1066603 0 0 0
1066604 0 0 0
1066605 0 0 0
1066606 0 0 0
1066607 0 0 0
1066608 0 0 0
1066609 0 0 0
1066610 0 0 0
1066611 0 0 0
1066612 0 0 0
1066613 0 0 0
1066614 0 0 0
1066615 0 0 0
1066616 0 0 0
1066617 0 0 0
1066618 0 0 0
1066619 0 0 0
1066620 0 0 0
1066621 0 0 0
1066622 0 0 0
1066623 0 0 0
1066624 0 0 0
1066625 0 0 0
1066626 0 0 0
1066627 0 0 0
1066628 0 0 0
1066629 0 0 0
1066630 0 0 0
1066631 0 0 0
1066632 0 0 0
1066633 0 0 0
1066634 0 0 0
1066635 0 0 0
1066636 0 0 0
1066637 0 0 0
1066638 0 0 0
1066639 0 0 0
1066640 0 0 0
1066641 0 0 0
1066642 0 0 0
1066643 0 0 0
1066644 0 0 0
1066645 0 0 0
1066646 0 0 0
1066647 0 0 0
1066648 0 0 0
1066649 0 0 0
1066650 0 0 0
1066651 0 0 0
1066652 0 0 0
1066653 0 0 0
1066654 0 0 0
1066655 0 0 0
1066656 0 0 0
1066657 0 0 0
1066658 0 0 0
1066659 0 0 0
1066660 0 0 0
1066661 0 0 0
1066662 0 0 0
1066663 0 0 0
1066664 0 0 0
1066665 0 0 0
1066666 0 0 0
1066667 0 0 0
1066668 0 0 0
1066669 0 0 0
1066670 0 0 0
1066671 0 0 0
1066672 0 0 0
1066673 0 0 0
1066674 0 0 0
1066675 0 0 0
1066676 0 0 0
1066677 0 0 0
1066678 0 0 0
1066679 0 0 0
1066680 0 0 0
1066681 0 0 0
1066682 0 0 0
1066683 0 0 0
1066684 0 0 0
1066685 0 0 0
1066686 0 0 0
1066687 0 0 0
1066688 0 0 0
1066689 0 0 0
1066690 0 0 0
1066691 0 0 0
1066692 0 0 0
1066693 0 0 0
1066694 0 0 0
1066695 0 0 0
1066696 0 0 0
1066697 0 0 0
1066698 0 0 0
1066699 0 0 0
1066700 0 0 0
1066701 0 0 0
1066702 0 0 0
1066703 0 0 0
1066704 0 0 0
1066705 0 0 0
1066706 0 0 0
1066707 0 0 0
1066708 0 0 0
1066709 0 0 0
1066710 0 0 0
1066711 0 0 0
1066712 0 0 0
1066713 0 0 0
1066714 0 0 0
1066715 0 0 0
1066716 0 0 0
1066717 0 0 0
1066718 0 0 0
1066719 0 0 0
1066720 0 0 0
1066721 0 0 0
1066722 0 0 0
1066723 0 0 0
1066724 0 0 0
1066725 0 0 0
1066726 0 0 0
1066727 0 0 0
1066728 0 0 0
1066729 0 0 0
1066730 0 0 0
1066731 0 0 0
1066732 0 0 0
1066733 0 0 0
1066734 0 0 0
1066735 0 0 0
1066736 0 0 0
1066737 0 0 0
1066738 0 0 0
1066739 0 0 0
1066740 0 0 0
1066741 0 0 0
1066742 0 0 0
1066743 0 0 0
1066744 0 0 0
1066745 0 0 0
1066746 0 0 0
1066747 0 0 0
1066748 0 0 0
1066749 0 0 0
1066750 0 0 0
1066751 0 0 0
1066752 0 0 0
1066753 0 0 0
1066754 0 0 0
1066755 0 0 0
1066756 0 0 0
1066757 0 0 0
1066758 0 0 0
1066759 0 0 0
1066760 0 0 0
1066761 0 0 0
1066762 0 0 0
1066763 0 0 0
1066764 0 0 0
1066765 0 0 0
1066766 0 0 0
1066767 0 0 0
1066768 0 0 0
1066769 0 0 0
1066770 0 0 0
1066771 0 0 0
1066772 0 0 0
1066773 0 0 0
1066774 0 0 0
1066775 0 0 0
1066776 0 0 0
1066777 0 0 0
1066778 0 0 0
1066779 0 0 0
1066780 0 0 0
1066781 0 0 0
1066782 0 0 0
1066783 0 0 0
1066784 0 0 0
1066785 0 0 0
1066786 0 0 0
1066787 0 0 0
1066788 0 0 0
1066789 0 0 0
1066790 0 0 0
1066791 0 0 0
1066792 0 0 0
1066793 0 0 0
1066794 0 0 0
1066795 0 0 0
1066796 0 0 0
1066797 0 0 0
1066798 0 0 0
1066799 0 0 0
1066800 0 0 0
1066801 0 0 0
1066802 0 0 0
1066803 0 0 0
1066804 0 0 0
1066805 0 0 0
1066806 0 0 0
1066807 0 0 0
1066808 0 0 0
1066809 0 0 0
1066810 0 0 0
1066811 0 0 0
1066812 0 0 0
1066813 0 0 0
1066814 0 0 0
1066815 0 0 0
1066816 0 0 0
1066817 0 0 0
1066818 0 0 0
1066819 0 0 0
1066860 0 0 0
1066861 0 0 0
1066862 0 0 0
1066863 0 0 0
1066864 0 0 0
1066865 0 0 0
1066866 0 0 0
1066867 0 0 0
1066868 0 0 0
1066869 0 0 0
1066870 0 0 0
1066871 0 0 0
1066872 0 0 0
1066873 0 0 0
1066874 0 0 0
1066875 0 0 0
1066876 0 0 0
1066877 0 0 0
1066878 0 0 0
1066879 0 0 0
1066880 0 0 0
1066881 0 0 0
1066882 0 0 0
1066883 0 0 0
1066884 0 0 0
1066885 0 0 0
1066886 0 0 0
1066887 0 0 0
1066888 0 0 0
1066889 0 0 0
1066890 0 0 0
1066891 0 0 0
1066892 0 0 0
1066893 0 0 0
1066894 0 0 0
1066895 0 0 0
1066896 0 0 0
1066897 0 0 0
1066898 0 0 0
1066899 0 0 0
1066940 0 0 0
1066941 0 0 0
1066942 0 0 0
1066943 0 0 0
1066944 0 0 0
1066945 0 0 0
1066946 0 0 0
1066947 0 0 0
1066948 0 0 0
1066949 0 0 0
1066950 0 0 0
1066951 0 0 0
1066952 0 0 0
1066953 0 0 0
1066954 0 0 0
1066955 0 0 0
1066956 0 0 0
1066957 0 0 0
1066958 0 0 0
1066959 0 0 0
1066960 0 0 0
1066961 0 0 0
1066962 0 0 0
1066963 0 0 0
1066964 0 0 0
1066965 0 0 0
1066966 0 0 0
1066967 0 0 0
1066968 0 0 0
1066969 0 0 0
1066970 0 0 0
1066971 0 0 0
1066972 0 0 0
1066973 0 0 0
1066974 0 0 0
1066975 0 0 0
1066976 0 0 0
1066977 0 0 0
1066978 0 0 0
1066979 0 0 0
1066980 0 0 0
1066981 0 0 0
1066982 0 0 0
1066983 0 0 0
1066984 0 0 0
1066985 0 0 0
1066986 0 0 0
1066987 0 0 0
1066988 0 0 0
1066989 0 0 0
1066990 0 0 0
1066991 0 0 0
1066992 0 0 0
1066993 0 0 0
1066994 0 0 0
1066995 0 0 0
1066996 0 0 0
1066997 0 0 0
1066998 0 0 0
1066999 0 0 0
1067000 0 0 0
1067001 0 0 0
1067002 0 0 0
1067003 0 0 0
1067004 0 0 0
1067005 0 0 0
1067006 0 0 0
1067007 0 0 0
1067008 0 0 0
1067009 0 0 0
1067010 0 0 0
1067011 0 0 0
1067012 0 0 0
1067013 0 0 0
1067014 0 0 0
1067015 0 0 0
1067016 0 0 0
1067017 0 0 0
1067018 0 0 0
1067019 0 0 0
1067060 0 0 0
1067061 0 0 0
1067062 0 0 0
1067063 0 0 0
1067064 0 0 0
1067065 0 0 0
1067066 0 0 0
1067067 0 0 0
1067068 0 0 0
1067069 0 0 0
1067070 0 0 0
1067071 0 0 0
1067072 0 0 0
1067073 0 0 0
1067074 0 0 0
1067075 0 0 0
1067076 0 0 0
1067077 0 0 0
1067078 0 0 0
1067079 0 0 0
1067080 0 0 0
1067081 0 0 0
1067082 0 0 0
1067083 0 0 0
1067084 0 0 0
1067085 0 0 0
1067086 0 0 0
1067087 0 0 0
1067088 0 0 0
1067089 0 0 0
1067090 0 0 0
1067091 0 0 0
1067092 0 0 0
1067093 0 0 0
1067094 0 0 0
1067095 0 0 0
1067096 0 0 0
1067097 0 0 0
1067098 0 0 0
1067099 0 0 0
1067100 0 0 0
1067101 0 0 0
1067102 0 0 0
1067103 0 0 0
1067104 0 0 0
1067105 0 0 0
1067106 0 0 0
1067107 0 0 0
1067108 0 0 0
1067109 0 0 0
1067110 0 0 0
1067111 0 0 0
1067112 0 0 0
1067113 0 0 0
1067114 0 0 0
1067115 0 0 0
1067116 0 0 0
1067117 0 0 0
1067118 0 0 0
1067119 0 0 0
1067120 0 0 0
1067121 0 0 0
1067122 0 0 0
1067123 0 0 0
1067124 0 0 0
1067125 0 0 0
1067126 0 0 0
1067127 0 0 0
1067128 0 0 0
1067129 0 0 0
1067130 0 0 0
1067131 0 0 0
1067132 0 0 0
1067133 0 0 0
1067134 0 0 0
1067135 0 0 0
1067136 0 0 0
1067137 0 0 0
1067138 0 0 0
1067139 0 0 0
1067140 0 0 0
1067141 0 0 0
1067142 0 0 0
1067143 0 0 0
1067144 0 0 0
1067145 0 0 0
1067146 0 0 0
1067147 0 0 0
1067148 0 0 0
1067149 0 0 0
1067150 0 0 0
1067151 0 0 0
1067152 0 0 0
1067153 0 0 0
1067154 0 0 0
1067155 0 0 0
1067156 0 0 0
1067157 0 0 0
1067158 0 0 0
1067159 0 0 0
1067160 0 0 0
1067161 0 0 0
1067162 0 0 0
1067163 0 0 0
1067164 0 0 0
1067165 0 0 0
1067166 0 0 0
1067167 0 0 0
1067168 0 0 0
1067169 0 0 0
1067170 0 0 0
1067171 0 0 0
1067172 0 0 0
1067173 0 0 0
1067174 0 0 0
1067175 0 0 0
1067176 0 0 0
1067177 0 0 0
1067178 0 0 0
1067179 0 0 0
1067180 0 0 0
1067181 0 0 0
1067182 0 0 0
1067183 0 0 0
1067184 0 0 0
1067185 0 0 0
1067186 0 0 0
1067187 0 0 0
1067188 0 0 0
1067189 0 0 0
1067190 0 0 0
1067191 0 0 0
1067192 0 0 0
1067193 0 0 0
1067194 0 0 0
1067195 0 0 0
1067196 0 0 0
1067197 0 0 0
1067198 0 0 0
1067199 0 0 0
1067200 0 0 0
1067201 0 0 0
1067202 0 0 0
1067203 0 0 0
1067204 0 0 0
1067205 0 0 0
1067206 0 0 0
1067207 0 0 0
1067208 0 0 0
1067209 0 0 0
1067210 0 0 0
1067211 0 0 0
1067212 0 0 0
1067213 0 0 0
1067214 0 0 0
1067215 0 0 0
1067216 0 0 0
1067217 0 0 0
1067218 0 0 0
1067219 0 0 0
1067220 0 0 0
1067221 0 0 0
1067222 0 0 0
1067223 0 0 0
1067224 0 0 0
1067225 0 0 0
1067226 0 0 0
1067227 0 0 0
1067228 0 0 0
1067229 0 0 0
1067230 0 0 0
1067231 0 0 0
1067232 0 0 0
1067233 0 0 0
1067234 0 0 0
1067235 0 0 0
1067236 0 0 0
1067237 0 0 0
1067238 0 0 0
1067239 0 0 0
1067240 0 0 0
1067241 0 0 0
1067242 0 0 0
1067243 0 0 0
1067244 0 0 0
1067245 0 0 0
1067246 0 0 0
1067247 0 0 0
1067248 0 0 0
1067249 0 0 0
1067250 0 0 0
1067251 0 0 0
1067252 0 0 0
1067253 0 0 0
1067254 0 0 0
1067255 0 0 0
1067256 0 0 0
1067257 0 0 0
1067258 0 0 0
1067259 0 0 0
1067260 0 0 0
1067261 0 0 0
1067262 0 0 0
1067263 0 0 0
1067264 0 0 0
1067265 0 0 0
1067266 0 0 0
1067267 0 0 0
1067268 0 0 0
1067269 0 0 0
1067270 0 0 0
1067271 0 0 0
1067272 0 0 0
1067273 0 0 0
1067274 0 0 0
1067275 0 0 0
1067276 0 0 0
1067277 0 0 0
1067278 0 0 0
1067279 0 0 0
1067280 0 0 0
1067281 0 0 0
1067282 0 0 0
1067283 0 0 0
1067284 0 0 0
1067285 0 0 0
1067286 0 0 0
1067287 0 0 0
1067288 0 0 0
1067289 0 0 0
1067290 0 0 0
1067291 0 0 0
1067292 0 0 0
1067293 0 0 0
1067294 0 0 0
1067295 0 0 0
1067296 0 0 0
1067297 0 0 0
1067298 0 0 0
1067299 0 0 0
1067380 0 0 0
1067381 0 0 0
1067382 0 0 0
1067383 0 0 0
1067384 0 0 0
1067385 0 0 0
1067386 0 0 0
1067387 0 0 0
1067388 0 0 0
1067389 0 0 0
1067390 0 0 0
1067391 0 0 0
1067392 0 0 0
1067393 0 0 0
1067394 0 0 0
1067395 0 0 0
1067396 0 0 0
1067397 0 0 0
1067398 0 0 0
1067399 0 0 0
1067400 0 0 0
1067401 0 0 0
1067402 0 0 0
1067403 0 0 0
1067404 0 0 0
1067405 0 0 0
1067406 0 0 0
1067407 0 0 0
1067408 0 0 0
1067409 0 0 0
1067410 0 0 0
1067411 0 0 0
1067412 0 0 0
1067413 0 0 0
1067414 0 0 0
1067415 0 0 0
1067416 0 0 0
1067417 0 0 0
1067418 0 0 0
1067419 0 0 0
1067420 0 0 0
1067421 0 0 0
1067422 0 0 0
1067423 0 0 0
1067424 0 0 0
1067425 0 0 0
1067426 0 0 0
1067427 0 0 0
1067428 0 0 0
1067429 0 0 0
1067430 0 0 0
1067431 0 0 0
1067432 0 0 0
1067433 0 0 0
1067434 0 0 0
1067435 0 0 0
1067436 0 0 0
1067437 0 0 0
1067438 0 0 0
1067439 0 0 0
1067440 0 0 0
1067441 0 0 0
1067442 0 0 0
1067443 0 0 0
1067444 0 0 0
1067445 0 0 0
1067446 0 0 0
1067447 0 0 0
1067448 0 0 0
1067449 0 0 0
1067450 0 0 0
1067451 0 0 0
1067452 0 0 0
1067453 0 0 0
1067454 0 0 0
1067455 0 0 0
1067456 0 0 0
1067457 0 0 0
1067458 0 0 0
1067459 0 0 0
1067460 0 0 0
1067461 0 0 0
1067462 0 0 0
1067463 0 0 0
1067464 0 0 0
1067465 0 0 0
1067466 0 0 0
1067467 0 0 0
1067468 0 0 0
1067469 0 0 0
1067470 0 0 0
1067471 0 0 0
1067472 0 0 0
1067473 0 0 0
1067474 0 0 0
1067475 0 0 0
1067476 0 0 0
1067477 0 0 0
1067478 0 0 0
1067479 0 0 0
1067480 0 0 0
1067481 0 0 0
1067482 0 0 0
1067483 0 0 0
1067484 0 0 0
1067485 0 0 0
1067486 0 0 0
1067487 0 0 0
1067488 0 0 0
1067489 0 0 0
1067490 0 0 0
1067491 0 0 0
1067492 0 0 0
1067493 0 0 0
1067494 0 0 0
1067495 0 0 0
1067496 0 0 0
1067497 0 0 0
1067498 0 0 0
1067499 0 0 0
1067500 0 0 0
1067501 0 0 0
1067502 0 0 0
1067503 0 0 0
1067504 0 0 0
1067505 0 0 0
1067506 0 0 0
1067507 0 0 0
1067508 0 0 0
1067509 0 0 0
1067510 0 0 0
1067511 0 0 0
1067512 0 0 0
1067513 0 0 0
1067514 0 0 0
1067515 0 0 0
1067516 0 0 0
1067517 0 0 0
1067518 0 0 0
1067519 0 0 0
1067520 0 0 0
1067521 0 0 0
1067522 0 0 0
1067523 0 0 0
1067524 0 0 0
1067525 0 0 0
1067526 0 0 0
1067527 0 0 0
1067528 0 0 0
1067529 0 0 0
1067530 0 0 0
1067531 0 0 0
1067532 0 0 0
1067533 0 0 0
1067534 0 0 0
1067535 0 0 0
1067536 0 0 0
1067537 0 0 0
1067538 0 0 0
1067539 0 0 0
1067540 0 0 0
1067541 0 0 0
1067542 0 0 0
1067543 0 0 0
1067544 0 0 0
1067545 0 0 0
1067546 0 0 0
1067547 0 0 0
1067548 0 0 0
1067549 0 0 0
1067550 0 0 0
1067551 0 0 0
1067552 0 0 0
1067553 0 0 0
1067554 0 0 0
1067555 0 0 0
1067556 0 0 0
1067557 0 0 0
1067558 0 0 0
1067559 0 0 0
1067560 0 0 0
1067561 0 0 0
1067562 0 0 0
1067563 0 0 0
1067564 0 0 0
1067565 0 0 0
1067566 0 0 0
1067567 0 0 0
1067568 0 0 0
1067569 0 0 0
1067570 0 0 0
1067571 0 0 0
1067572 0 0 0
1067573 0 0 0
1067574 0 0 0
1067575 0 0 0
1067576 0 0 0
1067577 0 0 0
1067578 0 0 0
1067579 0 0 0
1067580 0 0 0
1067581 0 0 0
1067582 0 0 0
1067583 0 0 0
1067584 0 0 0
1067585 0 0 0
1067586 0 0 0
1067587 0 0 0
1067588 0 0 0
1067589 0 0 0
1067590 0 0 0
1067591 0 0 0
1067592 0 0 0
1067593 0 0 0
1067594 0 0 0
1067595 0 0 0
1067596 0 0 0
1067597 0 0 0
1067598 0 0 0
1067599 0 0 0
1067600 0 0 0
1067601 0 0 0
1067602 0 0 0
1067603 0 0 0
1067604 0 0 0
1067605 0 0 0
1067606 0 0 0
1067607 0 0 0
1067608 0 0 0
1067609 0 0 0
1067610 0 0 0
1067611 0 0 0
1067612 0 0 0
1067613 0 0 0
1067614 0 0 0
1067615 0 0 0
1067616 0 0 0
1067617 0 0 0
1067618 0 0 0
1067619 0 0 0
1067660 0 0 0
1067661 0 0 0
1067662 0 0 0
1067663 0 0 0
1067664 0 0 0
1067665 0 0 0
1067666 0 0 0
1067667 0 0 0
1067668 0 0 0
1067669 0 0 0
1067670 0 0 0
1067671 0 0 0
1067672 0 0 0
1067673 0 0 0
1067674 0 0 0
1067675 0 0 0
1067676 0 0 0
1067677 0 0 0
1067678 0 0 0
1067679 0 0 0
1067680 0 0 0
1067681 0 0 0
1067682 0 0 0
1067683 0 0 0
1067684 0 0 0
1067685 0 0 0
1067686 0 0 0
1067687 0 0 0
1067688 0 0 0
1067689 0 0 0
1067690 0 0 0
1067691 0 0 0
1067692 0 0 0
1067693 0 0 0
1067694 0 0 0
1067695 0 0 0
1067696 0 0 0
1067697 0 0 0
1067698 0 0 0
1067699 0 0 0
1067740 0 0 0
1067741 0 0 0
1067742 0 0 0
1067743 0 0 0
1067744 0 0 0
1067745 0 0 0
1067746 0 0 0
1067747 0 0 0
1067748 0 0 0
1067749 0 0 0
1067750 0 0 0
1067751 0 0 0
1067752 0 0 0
1067753 0 0 0
1067754 0 0 0
1067755 0 0 0
1067756 0 0 0
1067757 0 0 0
1067758 0 0 0
1067759 0 0 0
1067760 0 0 0
1067761 0 0 0
1067762 0 0 0
1067763 0 0 0
1067764 0 0 0
1067765 0 0 0
1067766 0 0 0
1067767 0 0 0
1067768 0 0 0
1067769 0 0 0
1067770 0 0 0
1067771 0 0 0
1067772 0 0 0
1067773 0 0 0
1067774 0 0 0
1067775 0 0 0
1067776 0 0 0
1067777 0 0 0
1067778 0 0 0
1067779 0 0 0
1067780 0 0 0
1067781 0 0 0
1067782 0 0 0
1067783 0 0 0
1067784 0 0 0
1067785 0 0 0
1067786 0 0 0
1067787 0 0 0
1067788 0 0 0
1067789 0 0 0
1067790 0 0 0
1067791 0 0 0
1067792 0 0 0
1067793 0 0 0
1067794 0 0 0
1067795 0 0 0
1067796 0 0 0
1067797 0 0 0
1067798 0 0 0
1067799 0 0 0
1067800 0 0 0
1067801 0 0 0
1067802 0 0 0
1067803 0 0 0
1067804 0 0 0
1067805 0 0 0
1067806 0 0 0
1067807 0 0 0
1067808 0 0 0
1067809 0 0 0
1067810 0 0 0
1067811 0 0 0
1067812 0 0 0
1067813 0 0 0
1067814 0 0 0
1067815 0 0 0
1067816 0 0 0
1067817 0 0 0
1067818 0 0 0
1067819 0 0 0
1067940 0 0 0
1067941 0 0 0
1067942 0 0 0
1067943 0 0 0
1067944 0 0 0
1067945 0 0 0
1067946 0 0 0
1067947 0 0 0
1067948 0 0 0
1067949 0 0 0
1067950 0 0 0
1067951 0 0 0
1067952 0 0 0
1067953 0 0 0
1067954 0 0 0
1067955 0 0 0
1067956 0 0 0
1067957 0 0 0
1067958 0 0 0
1067959 0 0 0
1067960 0 0 0
1067961 0 0 0
1067962 0 0 0
1067963 0 0 0
1067964 0 0 0
1067965 0 0 0
1067966 0 0 0
1067967 0 0 0
1067968 0 0 0
1067969 0 0 0
1067970 0 0 0
1067971 0 0 0
1067972 0 0 0
1067973 0 0 0
1067974 0 0 0
1067975 0 0 0
1067976 0 0 0
1067977 0 0 0
1067978 0 0 0
1067979 0 0 0
1068020 0 0 0
1068021 0 0 0
1068022 0 0 0
1068023 0 0 0
1068024 0 0 0
1068025 0 0 0
1068026 0 0 0
1068027 0 0 0
1068028 0 0 0
1068029 0 0 0
1068030 0 0 0
1068031 0 0 0
1068032 0 0 0
1068033 0 0 0
1068034 0 0 0
1068035 0 0 0
1068036 0 0 0
1068037 0 0 0
1068038 0 0 0
1068039 0 0 0
1068040 0 0 0
1068041 0 0 0
1068042 0 0 0
1068043 0 0 0
1068044 0 0 0
1068045 0 0 0
1068046 0 0 0
1068047 0 0 0
1068048 0 0 0
1068049 0 0 0
1068050 0 0 0
1068051 0 0 0
1068052 0 0 0
1068053 0 0 0
1068054 0 0 0
1068055 0 0 0
1068056 0 0 0
1068057 0 0 0
1068058 0 0 0
1068059 0 0 0
1068060 0 0 0
1068061 0 0 0
1068062 0 0 0
1068063 0 0 0
1068064 0 0 0
1068065 0 0 0
1068066 0 0 0
1068067 0 0 0
1068068 0 0 0
1068069 0 0 0
1068070 0 0 0
1068071 0 0 0
1068072 0 0 0
1068073 0 0 0
1068074 0 0 0
1068075 0 0 0
1068076 0 0 0
1068077 0 0 0
1068078 0 0 0
1068079 0 0 0
1068080 0 0 0
1068081 0 0 0
1068082 0 0 0
1068083 0 0 0
1068084 0 0 0
1068085 0 0 0
1068086 0 0 0
1068087 0 0 0
1068088 0 0 0
1068089 0 0 0
1068090 0 0 0
1068091 0 0 0
1068092 0 0 0
1068093 0 0 0
1068094 0 0 0
1068095 0 0 0
1068096 0 0 0
1068097 0 0 0
1068098 0 0 0
1068099 0 0 0
1068180 0 0 0
1068181 0 0 0
1068182 0 0 0
1068183 0 0 0
1068184 0 0 0
1068185 0 0 0
1068186 0 0 0
1068187 0 0 0
1068188 0 0 0
1068189 0 0 0
1068190 0 0 0
1068191 0 0 0
1068192 0 0 0
1068193 0 0 0
1068194 0 0 0
1068195 0 0 0
1068196 0 0 0
1068197 0 0 0
1068198 0 0 0
1068199 0 0 0
1068200 0 0 0
1068201 0 0 0
1068202 0 0 0
1068203 0 0 0
1068204 0 0 0
1068205 0 0 0
1068206 0 0 0
1068207 0 0 0
1068208 0 0 0
1068209 0 0 0
1068210 0 0 0
1068211 0 0 0
1068212 0 0 0
1068213 0 0 0
1068214 0 0 0
1068215 0 0 0
1068216 0 0 0
1068217 0 0 0
1068218 0 0 0
1068219 0 0 0
1068220 0 0 0
1068221 0 0 0
1068222 0 0 0
1068223 0 0 0
1068224 0 0 0
1068225 0 0 0
1068226 0 0 0
1068227 0 0 0
1068228 0 0 0
1068229 0 0 0
1068230 0 0 0
1068231 0 0 0
1068232 0 0 0
1068233 0 0 0
1068234 0 0 0
1068235 0 0 0
1068236 0 0 0
1068237 0 0 0
1068238 0 0 0
1068239 0 0 0
1068240 0 0 0
1068241 0 0 0
1068242 0 0 0
1068243 0 0 0
1068244 0 0 0
1068245 0 0 0
1068246 0 0 0
1068247 0 0 0
1068248 0 0 0
1068249 0 0 0
1068250 0 0 0
1068251 0 0 0
1068252 0 0 0
1068253 0 0 0
1068254 0 0 0
1068255 0 0 0
1068256 0 0 0
1068257 0 0 0
1068258 0 0 0
1068259 0 0 0
1068260 0 0 0
1068261 0 0 0
1068262 0 0 0
1068263 0 0 0
1068264 0 0 0
1068265 0 0 0
1068266 0 0 0
1068267 0 0 0
1068268 0 0 0
1068269 0 0 0
1068270 0 0 0
1068271 0 0 0
1068272 0 0 0
1068273 0 0 0
1068274 0 0 0
1068275 0 0 0
1068276 0 0 0
1068277 0 0 0
1068278 0 0 0
1068279 0 0 0
1068280 0 0 0
1068281 0 0 0
1068282 0 0 0
1068283 0 0 0
1068284 0 0 0
1068285 0 0 0
1068286 0 0 0
1068287 0 0 0
1068288 0 0 0
1068289 0 0 0
1068290 0 0 0
1068291 0 0 0
1068292 0 0 0
1068293 0 0 0
1068294 0 0 0
1068295 0 0 0
1068296 0 0 0
1068297 0 0 0
1068298 0 0 0
1068299 0 0 0
1068300 0 0 0
1068301 0 0 0
1068302 0 0 0
1068303 0 0 0
1068304 0 0 0
1068305 0 0 0
1068306 0 0 0
1068307 0 0 0
1068308 0 0 0
1068309 0 0 0
1068310 0 0 0
1068311 0 0 0
1068312 0 0 0
1068313 0 0 0
1068314 0 0 0
1068315 0 0 0
1068316 0 0 0
1068317 0 0 0
1068318 0 0 0
1068319 0 0 0
1068320 0 0 0
1068321 0 0 0
1068322 0 0 0
1068323 0 0 0
1068324 0 0 0
1068325 0 0 0
1068326 0 0 0
1068327 0 0 0
1068328 0 0 0
1068329 0 0 0
1068330 0 0 0
1068331 0 0 0
1068332 0 0 0
1068333 0 0 0
1068334 0 0 0
1068335 0 0 0
1068336 0 0 0
1068337 0 0 0
1068338 0 0 0
1068339 0 0 0
1068340 0 0 0
1068341 0 0 0
1068342 0 0 0
1068343 0 0 0
1068344 0 0 0
1068345 0 0 0
1068346 0 0 0
1068347 0 0 0
1068348 0 0 0
1068349 0 0 0
1068350 0 0 0
1068351 0 0 0
1068352 0 0 0
1068353 0 0 0
1068354 0 0 0
1068355 0 0 0
1068356 0 0 0
1068357 0 0 0
1068358 0 0 0
1068359 0 0 0
1068360 0 0 0
1068361 0 0 0
1068362 0 0 0
1068363 0 0 0
1068364 0 0 0
1068365 0 0 0
1068366 0 0 0
1068367 0 0 0
1068368 0 0 0
1068369 0 0 0
1068370 0 0 0
1068371 0 0 0
1068372 0 0 0
1068373 0 0 0
1068374 0 0 0
1068375 0 0 0
1068376 0 0 0
1068377 0 0 0
1068378 0 0 0
1068379 0 0 0
1068380 0 0 0
1068381 0 0 0
1068382 0 0 0
1068383 0 0 0
1068384 0 0 0
1068385 0 0 0
1068386 0 0 0
1068387 0 0 0
1068388 0 0 0
1068389 0 0 0
1068390 0 0 0
1068391 0 0 0
1068392 0 0 0
1068393 0 0 0
1068394 0 0 0
1068395 0 0 0
1068396 0 0 0
1068397 0 0 0
1068398 0 0 0
1068399 0 0 0
1068400 0 0 0
1068401 0 0 0
1068402 0 0 0
1068403 0 0 0
1068404 0 0 0
1068405 0 0 0
1068406 0 0 0
1068407 0 0 0
1068408 0 0 0
1068409 0 0 0
1068410 0 0 0
1068411 0 0 0
1068412 0 0 0
1068413 0 0 0
1068414 0 0 0
1068415 0 0 0
1068416 0 0 0
1068417 0 0 0
1068418 0 0 0
1068419 0 0 0
1068420 0 0 0
1068421 0 0 0
1068422 0 0 0
1068423 0 0 0
1068424 0 0 0
1068425 0 0 0
1068426 0 0 0
1068427 0 0 0
1068428 0 0 0
1068429 0 0 0
1068430 0 0 0
1068431 0 0 0
1068432 0 0 0
1068433 0 0 0
1068434 0 0 0
1068435 0 0 0
1068436 0 0 0
1068437 0 0 0
1068438 0 0 0
1068439 0 0 0
1068440 0 0 0
1068441 0 0 0
1068442 0 0 0
1068443 0 0 0
1068444 0 0 0
1068445 0 0 0
1068446 0 0 0
1068447 0 0 0
1068448 0 0 0
1068449 0 0 0
1068450 0 0 0
1068451 0 0 0
1068452 0 0 0
1068453 0 0 0
1068454 0 0 0
1068455 0 0 0
1068456 0 0 0
1068457 0 0 0
1068458 0 0 0
1068459 0 0 0
1068460 0 0 0
1068461 0 0 0
1068462 0 0 0
1068463 0 0 0
1068464 0 0 0
1068465 0 0 0
1068466 0 0 0
1068467 0 0 0
1068468 0 0 0
1068469 0 0 0
1068470 0 0 0
1068471 0 0 0
1068472 0 0 0
1068473 0 0 0
1068474 0 0 0
1068475 0 0 0
1068476 0 0 0
1068477 0 0 0
1068478 0 0 0
1068479 0 0 0
1068480 0 0 0
1068481 0 0 0
1068482 0 0 0
1068483 0 0 0
1068484 0 0 0
1068485 0 0 0
1068486 0 0 0
1068487 0 0 0
1068488 0 0 0
1068489 0 0 0
1068490 0 0 0
1068491 0 0 0
1068492 0 0 0
1068493 0 0 0
1068494 0 0 0
1068495 0 0 0
1068496 0 0 0
1068497 0 0 0
1068498 0 0 0
1068499 0 0 0
1068580 0 0 0
1068581 0 0 0
1068582 0 0 0
1068583 0 0 0
1068584 0 0 0
1068585 0 0 0
1068586 0 0 0
1068587 0 0 0
1068588 0 0 0
1068589 0 0 0
1068590 0 0 0
1068591 0 0 0
1068592 0 0 0
1068593 0 0 0
1068594 0 0 0
1068595 0 0 0
1068596 0 0 0
1068597 0 0 0
1068598 0 0 0
1068599 0 0 0
1068600 0 0 0
1068601 0 0 0
1068602 0 0 0
1068603 0 0 0
1068604 0 0 0
1068605 0 0 0
1068606 0 0 0
1068607 0 0 0
1068608 0 0 0
1068609 0 0 0
1068610 0 0 0
1068611 0 0 0
1068612 0 0 0
1068613 0 0 0
1068614 0 0 0
1068615 0 0 0
1068616 0 0 0
1068617 0 0 0
1068618 0 0 0
1068619 0 0 0
1068660 0 0 0
1068661 0 0 0
1068662 0 0 0
1068663 0 0 0
1068664 0 0 0
1068665 0 0 0
1068666 0 0 0
1068667 0 0 0
1068668 0 0 0
1068669 0 0 0
1068670 0 0 0
1068671 0 0 0
1068672 0 0 0
1068673 0 0 0
1068674 0 0 0
1068675 0 0 0
1068676 0 0 0
1068677 0 0 0
1068678 0 0 0
1068679 0 0 0
1068680 0 0 0
1068681 0 0 0
1068682 0 0 0
1068683 0 0 0
1068684 0 0 0
1068685 0 0 0
1068686 0 0 0
1068687 0 0 0
1068688 0 0 0
1068689 0 0 0
1068690 0 0 0
1068691 0 0 0
1068692 0 0 0
1068693 0 0 0
1068694 0 0 0
1068695 0 0 0
1068696 0 0 0
1068697 0 0 0
1068698 0 0 0
1068699 0 0 0
1068740 0 0 0
1068741 0 0 0
1068742 0 0 0
1068743 0 0 0
1068744 0 0 0
1068745 0 0 0
1068746 0 0 0
1068747 0 0 0
1068748 0 0 0
1068749 0 0 0
1068750 0 0 0
1068751 0 0 0
1068752 0 0 0
1068753 0 0 0
1068754 0 0 0
1068755 0 0 0
1068756 0 0 0
1068757 0 0 0
1068758 0 0 0
1068759 0 0 0
1068760 0 0 0
1068761 0 0 0
1068762 0 0 0
1068763 0 0 0
1068764 0 0 0
1068765 0 0 0
1068766 0 0 0
1068767 0 0 0
1068768 0 0 0
1068769 0 0 0
1068770 0 0 0
1068771 0 0 0
1068772 0 0 0
1068773 0 0 0
1068774 0 0 0
1068775 0 0 0
1068776 0 0 0
1068777 0 0 0
1068778 0 0 0
1068779 0 0 0
1068860 0 0 0
1068861 0 0 0
1068862 0 0 0
1068863 0 0 0
1068864 0 0 0
1068865 0 0 0
1068866 0 0 0
1068867 0 0 0
1068868 0 0 0
1068869 0 0 0
1068870 0 0 0
1068871 0 0 0
1068872 0 0 0
1068873 0 0 0
1068874 0 0 0
1068875 0 0 0
1068876 0 0 0
1068877 0 0 0
1068878 0 0 0
1068879 0 0 0
1068880 0 0 0
1068881 0 0 0
1068882 0 0 0
1068883 0 0 0
1068884 0 0 0
1068885 0 0 0
1068886 0 0 0
1068887 0 0 0
1068888 0 0 0
1068889 0 0 0
1068890 0 0 0
1068891 0 0 0
1068892 0 0 0
1068893 0 0 0
1068894 0 0 0
1068895 0 0 0
1068896 0 0 0
1068897 0 0 0
1068898 0 0 0
1068899 0 0 0
1068900 0 0 0
1068901 0 0 0
1068902 0 0 0
1068903 0 0 0
1068904 0 0 0
1068905 0 0 0
1068906 0 0 0
1068907 0 0 0
1068908 0 0 0
1068909 0 0 0
1068910 0 0 0
1068911 0 0 0
1068912 0 0 0
1068913 0 0 0
1068914 0 0 0
1068915 0 0 0
1068916 0 0 0
1068917 0 0 0
1068918 0 0 0
1068919 0 0 0
1068920 0 0 0
1068921 0 0 0
1068922 0 0 0
1068923 0 0 0
1068924 0 0 0
1068925 0 0 0
1068926 0 0 0
1068927 0 0 0
1068928 0 0 0
1068929 0 0 0
1068930 0 0 0
1068931 0 0 0
1068932 0 0 0
1068933 0 0 0
1068934 0 0 0
1068935 0 0 0
1068936 0 0 0
1068937 0 0 0
1068938 0 0 0
1068939 0 0 0
1068940 0 0 0
1068941 0 0 0
1068942 0 0 0
1068943 0 0 0
1068944 0 0 0
1068945 0 0 0
1068946 0 0 0
1068947 0 0 0
1068948 0 0 0
1068949 0 0 0
1068950 0 0 0
1068951 0 0 0
1068952 0 0 0
1068953 0 0 0
1068954 0 0 0
1068955 0 0 0
1068956 0 0 0
1068957 0 0 0
1068958 0 0 0
1068959 0 0 0
1068960 0 0 0
1068961 0 0 0
1068962 0 0 0
1068963 0 0 0
1068964 0 0 0
1068965 0 0 0
1068966 0 0 0
1068967 0 0 0
1068968 0 0 0
1068969 0 0 0
1068970 0 0 0
1068971 0 0 0
1068972 0 0 0
1068973 0 0 0
1068974 0 0 0
1068975 0 0 0
1068976 0 0 0
1068977 0 0 0
1068978 0 0 0
1068979 0 0 0
1068980 0 0 0
1068981 0 0 0
1068982 0 0 0
1068983 0 0 0
1068984 0 0 0
1068985 0 0 0
1068986 0 0 0
1068987 0 0 0
1068988 0 0 0
1068989 0 0 0
1068990 0 0 0
1068991 0 0 0
1068992 0 0 0
1068993 0 0 0
1068994 0 0 0
1068995 0 0 0
1068996 0 0 0
1068997 0 0 0
1068998 0 0 0
1068999 0 0 0
1069000 0 0 0
1069001 0 0 0
1069002 0 0 0
1069003 0 0 0
1069004 0 0 0
1069005 0 0 0
1069006 0 0 0
1069007 0 0 0
1069008 0 0 0
1069009 0 0 0
1069010 0 0 0
1069011 0 0 0
1069012 0 0 0
1069013 0 0 0
1069014 0 0 0
1069015 0 0 0
1069016 0 0 0
1069017 0 0 0
1069018 0 0 0
1069019 0 0 0
1069020 0 0 0
1069021 0 0 0
1069022 0 0 0
1069023 0 0 0
1069024 0 0 0
1069025 0 0 0
1069026 0 0 0
1069027 0 0 0
1069028 0 0 0
1069029 0 0 0
1069030 0 0 0
1069031 0 0 0
1069032 0 0 0
1069033 0 0 0
1069034 0 0 0
1069035 0 0 0
1069036 0 0 0
1069037 0 0 0
1069038 0 0 0
1069039 0 0 0
1069040 0 0 0
1069041 0 0 0
1069042 0 0 0
1069043 0 0 0
1069044 0 0 0
1069045 0 0 0
1069046 0 0 0
1069047 0 0 0
1069048 0 0 0
1069049 0 0 0
1069050 0 0 0
1069051 0 0 0
1069052 0 0 0
1069053 0 0 0
1069054 0 0 0
1069055 0 0 0
1069056 0 0 0
1069057 0 0 0
1069058 0 0 0
1069059 0 0 0
1069060 0 0 0
1069061 0 0 0
1069062 0 0 0
1069063 0 0 0
1069064 0 0 0
1069065 0 0 0
1069066 0 0 0
1069067 0 0 0
1069068 0 0 0
1069069 0 0 0
1069070 0 0 0
1069071 0 0 0
1069072 0 0 0
1069073 0 0 0
1069074 0 0 0
1069075 0 0 0
1069076 0 0 0
1069077 0 0 0
1069078 0 0 0
1069079 0 0 0
1069080 0 0 0
1069081 0 0 0
1069082 0 0 0
1069083 0 0 0
1069084 0 0 0
1069085 0 0 0
1069086 0 0 0
1069087 0 0 0
1069088 0 0 0
1069089 0 0 0
1069090 0 0 0
1069091 0 0 0
1069092 0 0 0
1069093 0 0 0
1069094 0 0 0
1069095 0 0 0
1069096 0 0 0
1069097 0 0 0
1069098 0 0 0
1069099 0 0 0
1069100 0 0 0
1069101 0 0 0
1069102 0 0 0
1069103 0 0 0
1069104 0 0 0
1069105 0 0 0
1069106 0 0 0
1069107 0 0 0
1069108 0 0 0
1069109 0 0 0
1069110 0 0 0
1069111 0 0 0
1069112 0 0 0
1069113 0 0 0
1069114 0 0 0
1069115 0 0 0
1069116 0 0 0
1069117 0 0 0
1069118 0 0 0
1069119 0 0 0
1069120 0 0 0
1069121 0 0 0
1069122 0 0 0
1069123 0 0 0
1069124 0 0 0
1069125 0 0 0
1069126 0 0 0
1069127 0 0 0
1069128 0 0 0
1069129 0 0 0
1069130 0 0 0
1069131 0 0 0
1069132 0 0 0
1069133 0 0 0
1069134 0 0 0
1069135 0 0 0
1069136 0 0 0
1069137 0 0 0
1069138 0 0 0
1069139 0 0 0
1069140 0 0 0
1069141 0 0 0
1069142 0 0 0
1069143 0 0 0
1069144 0 0 0
1069145 0 0 0
1069146 0 0 0
1069147 0 0 0
1069148 0 0 0
1069149 0 0 0
1069150 0 0 0
1069151 0 0 0
1069152 0 0 0
1069153 0 0 0
1069154 0 0 0
1069155 0 0 0
1069156 0 0 0
1069157 0 0 0
1069158 0 0 0
1069159 0 0 0
1069160 0 0 0
1069161 0 0 0
1069162 0 0 0
1069163 0 0 0
1069164 0 0 0
1069165 0 0 0
1069166 0 0 0
1069167 0 0 0
1069168 0 0 0
1069169 0 0 0
1069170 0 0 0
1069171 0 0 0
1069172 0 0 0
1069173 0 0 0
1069174 0 0 0
1069175 0 0 0
1069176 0 0 0
1069177 0 0 0
1069178 0 0 0
1069179 0 0 0
1069220 0 0 0
1069221 0 0 0
1069222 0 0 0
1069223 0 0 0
1069224 0 0 0
1069225 0 0 0
1069226 0 0 0
1069227 0 0 0
1069228 0 0 0
1069229 0 0 0
1069230 0 0 0
1069231 0 0 0
1069232 0 0 0
1069233 0 0 0
1069234 0 0 0
1069235 0 0 0
1069236 0 0 0
1069237 0 0 0
1069238 0 0 0
1069239 0 0 0
1069240 0 0 0
1069241 0 0 0
1069242 0 0 0
1069243 0 0 0
1069244 0 0 0
1069245 0 0 0
1069246 0 0 0
1069247 0 0 0
1069248 0 0 0
1069249 0 0 0
1069250 0 0 0
1069251 0 0 0
1069252 0 0 0
1069253 0 0 0
1069254 0 0 0
1069255 0 0 0
1069256 0 0 0
1069257 0 0 0
1069258 0 0 0
1069259 0 0 0
1069300 0 0 0
1069301 0 0 0
1069302 0 0 0
1069303 0 0 0
1069304 0 0 0
1069305 0 0 0
1069306 0 0 0
1069307 0 0 0
1069308 0 0 0
1069309 0 0 0
1069310 0 0 0
1069311 0 0 0
1069312 0 0 0
1069313 0 0 0
1069314 0 0 0
1069315 0 0 0
1069316 0 0 0
1069317 0 0 0
1069318 0 0 0
1069319 0 0 0
1069320 0 0 0
1069321 0 0 0
1069322 0 0 0
1069323 0 0 0
1069324 0 0 0
1069325 0 0 0
1069326 0 0 0
1069327 0 0 0
1069328 0 0 0
1069329 0 0 0
1069330 0 0 0
1069331 0 0 0
1069332 0 0 0
1069333 0 0 0
1069334 0 0 0
1069335 0 0 0
1069336 0 0 0
1069337 0 0 0
1069338 0 0 0
1069339 0 0 0
1069420 0 0 0
1069421 0 0 0
1069422 0 0 0
1069423 0 0 0
1069424 0 0 0
1069425 0 0 0
1069426 0 0 0
1069427 0 0 0
1069428 0 0 0
1069429 0 0 0
1069430 0 0 0
1069431 0 0 0
1069432 0 0 0
1069433 0 0 0
1069434 0 0 0
1069435 0 0 0
1069436 0 0 0
1069437 0 0 0
1069438 0 0 0
1069439 0 0 0
1069440 0 0 0
1069441 0 0 0
1069442 0 0 0
1069443 0 0 0
1069444 0 0 0
1069445 0 0 0
1069446 0 0 0
1069447 0 0 0
1069448 0 0 0
1069449 0 0 0
1069450 0 0 0
1069451 0 0 0
1069452 0 0 0
1069453 0 0 0
1069454 0 0 0
1069455 0 0 0
1069456 0 0 0
1069457 0 0 0
1069458 0 0 0
1069459 0 0 0
1069460 0 0 0
1069461 0 0 0
1069462 0 0 0
1069463 0 0 0
1069464 0 0 0
1069465 0 0 0
1069466 0 0 0
1069467 0 0 0
1069468 0 0 0
1069469 0 0 0
1069470 0 0 0
1069471 0 0 0
1069472 0 0 0
1069473 0 0 0
1069474 0 0 0
1069475 0 0 0
1069476 0 0 0
1069477 0 0 0
1069478 0 0 0
1069479 0 0 0
1069480 0 0 0
1069481 0 0 0
1069482 0 0 0
1069483 0 0 0
1069484 0 0 0
1069485 0 0 0
1069486 0 0 0
1069487 0 0 0
1069488 0 0 0
1069489 0 0 0
1069490 0 0 0
1069491 0 0 0
1069492 0 0 0
1069493 0 0 0
1069494 0 0 0
1069495 0 0 0
1069496 0 0 0
1069497 0 0 0
1069498 0 0 0
1069499 0 0 0
1069500 0 0 0
1069501 0 0 0
1069502 0 0 0
1069503 0 0 0
1069504 0 0 0
1069505 0 0 0
1069506 0 0 0
1069507 0 0 0
1069508 0 0 0
1069509 0 0 0
1069510 0 0 0
1069511 0 0 0
1069512 0 0 0
1069513 0 0 0
1069514 0 0 0
1069515 0 0 0
1069516 0 0 0
1069517 0 0 0
1069518 0 0 0
1069519 0 0 0
1069520 0 0 0
1069521 0 0 0
1069522 0 0 0
1069523 0 0 0
1069524 0 0 0
1069525 0 0 0
1069526 0 0 0
1069527 0 0 0
1069528 0 0 0
1069529 0 0 0
1069530 0 0 0
1069531 0 0 0
1069532 0 0 0
1069533 0 0 0
1069534 0 0 0
1069535 0 0 0
1069536 0 0 0
1069537 0 0 0
1069538 0 0 0
1069539 0 0 0
1069580 0 0 0
1069581 0 0 0
1069582 0 0 0
1069583 0 0 0
1069584 0 0 0
1069585 0 0 0
1069586 0 0 0
1069587 0 0 0
1069588 0 0 0
1069589 0 0 0
1069590 0 0 0
1069591 0 0 0
1069592 0 0 0
1069593 0 0 0
1069594 0 0 0
1069595 0 0 0
1069596 0 0 0
1069597 0 0 0
1069598 0 0 0
1069599 0 0 0
1069600 0 0 0
1069601 0 0 0
1069602 0 0 0
1069603 0 0 0
1069604 0 0 0
1069605 0 0 0
1069606 0 0 0
1069607 0 0 0
1069608 0 0 0
1069609 0 0 0
1069610 0 0 0
1069611 0 0 0
1069612 0 0 0
1069613 0 0 0
1069614 0 0 0
1069615 0 0 0
1069616 0 0 0
1069617 0 0 0
1069618 0 0 0
1069619 0 0 0
1069660 0 0 0
1069661 0 0 0
1069662 0 0 0
1069663 0 0 0
1069664 0 0 0
1069665 0 0 0
1069666 0 0 0
1069667 0 0 0
1069668 0 0 0
1069669 0 0 0
1069670 0 0 0
1069671 0 0 0
1069672 0 0 0
1069673 0 0 0
1069674 0 0 0
1069675 0 0 0
1069676 0 0 0
1069677 0 0 0
1069678 0 0 0
1069679 0 0 0
1069680 0 0 0
1069681 0 0 0
1069682 0 0 0
1069683 0 0 0
1069684 0 0 0
1069685 0 0 0
1069686 0 0 0
1069687 0 0 0
1069688 0 0 0
1069689 0 0 0
1069690 0 0 0
1069691 0 0 0
1069692 0 0 0
1069693 0 0 0
1069694 0 0 0
1069695 0 0 0
1069696 0 0 0
1069697 0 0 0
1069698 0 0 0
1069699 0 0 0
1069700 0 0 0
1069701 0 0 0
1069702 0 0 0
1069703 0 0 0
1069704 0 0 0
1069705 0 0 0
1069706 0 0 0
1069707 0 0 0
1069708 0 0 0
1069709 0 0 0
1069710 0 0 0
1069711 0 0 0
1069712 0 0 0
1069713 0 0 0
1069714 0 0 0
1069715 0 0 0
1069716 0 0 0
1069717 0 0 0
1069718 0 0 0
1069719 0 0 0
1069720 0 0 0
1069721 0 0 0
1069722 0 0 0
1069723 0 0 0
1069724 0 0 0
1069725 0 0 0
1069726 0 0 0
1069727 0 0 0
1069728 0 0 0
1069729 0 0 0
1069730 0 0 0
1069731 0 0 0
1069732 0 0 0
1069733 0 0 0
1069734 0 0 0
1069735 0 0 0
1069736 0 0 0
1069737 0 0 0
1069738 0 0 0
1069739 0 0 0
1069740 0 0 0
1069741 0 0 0
1069742 0 0 0
1069743 0 0 0
1069744 0 0 0
1069745 0 0 0
1069746 0 0 0
1069747 0 0 0
1069748 0 0 0
1069749 0 0 0
1069750 0 0 0
1069751 0 0 0
1069752 0 0 0
1069753 0 0 0
1069754 0 0 0
1069755 0 0 0
1069756 0 0 0
1069757 0 0 0
1069758 0 0 0
1069759 0 0 0
1069760 0 0 0
1069761 0 0 0
1069762 0 0 0
1069763 0 0 0
1069764 0 0 0
1069765 0 0 0
1069766 0 0 0
1069767 0 0 0
1069768 0 0 0
1069769 0 0 0
1069770 0 0 0
1069771 0 0 0
1069772 0 0 0
1069773 0 0 0
1069774 0 0 0
1069775 0 0 0
1069776 0 0 0
1069777 0 0 0
1069778 0 0 0
1069779 0 0 0
1069820 0 0 0
1069821 0 0 0
1069822 0 0 0
1069823 0 0 0
1069824 0 0 0
1069825 0 0 0
1069826 0 0 0
1069827 0 0 0
1069828 0 0 0
1069829 0 0 0
1069830 0 0 0
1069831 0 0 0
1069832 0 0 0
1069833 0 0 0
1069834 0 0 0
1069835 0 0 0
1069836 0 0 0
1069837 0 0 0
1069838 0 0 0
1069839 0 0 0
1069840 0 0 0
1069841 0 0 0
1069842 0 0 0
1069843 0 0 0
1069844 0 0 0
1069845 0 0 0
1069846 0 0 0
1069847 0 0 0
1069848 0 0 0
1069849 0 0 0
1069850 0 0 0
1069851 0 0 0
1069852 0 0 0
1069853 0 0 0
1069854 0 0 0
1069855 0 0 0
1069856 0 0 0
1069857 0 0 0
1069858 0 0 0
1069859 0 0 0
1069940 0 0 0
1069941 0 0 0
1069942 0 0 0
1069943 0 0 0
1069944 0 0 0
1069945 0 0 0
1069946 0 0 0
1069947 0 0 0
1069948 0 0 0
1069949 0 0 0
1069950 0 0 0
1069951 0 0 0
1069952 0 0 0
1069953 0 0 0
1069954 0 0 0
1069955 0 0 0
1069956 0 0 0
1069957 0 0 0
1069958 0 0 0
1069959 0 0 0
1069960 0 0 0
1069961 0 0 0
1069962 0 0 0
1069963 0 0 0
1069964 0 0 0
1069965 0 0 0
1069966 0 0 0
1069967 0 0 0
1069968 0 0 0
1069969 0 0 0
1069970 0 0 0
1069971 0 0 0
1069972 0 0 0
1069973 0 0 0
1069974 0 0 0
1069975 0 0 0
1069976 0 0 0
1069977 0 0 0
1069978 0 0 0
1069979 0 0 0
1070020 0 0 0
1070021 0 0 0
1070022 0 0 0
1070023 0 0 0
1070024 0 0 0
1070025 0 0 0
1070026 0 0 0
1070027 0 0 0
1070028 0 0 0
1070029 0 0 0
1070030 0 0 0
1070031 0 0 0
1070032 0 0 0
1070033 0 0 0
1070034 0 0 0
1070035 0 0 0
1070036 0 0 0
1070037 0 0 0
1070038 0 0 0
1070039 0 0 0
1070040 0 0 0
1070041 0 0 0
1070042 0 0 0
1070043 0 0 0
1070044 0 0 0
1070045 0 0 0
1070046 0 0 0
1070047 0 0 0
1070048 0 0 0
1070049 0 0 0
1070050 0 0 0
1070051 0 0 0
1070052 0 0 0
1070053 0 0 0
1070054 0 0 0
1070055 0 0 0
1070056 0 0 0
1070057 0 0 0
1070058 0 0 0
1070059 0 0 0
1070140 0 0 0
1070141 0 0 0
1070142 0 0 0
1070143 0 0 0
1070144 0 0 0
1070145 0 0 0
1070146 0 0 0
1070147 0 0 0
1070148 0 0 0
1070149 0 0 0
1070150 0 0 0
1070151 0 0 0
1070152 0 0 0
1070153 0 0 0
1070154 0 0 0
1070155 0 0 0
1070156 0 0 0
1070157 0 0 0
1070158 0 0 0
1070159 0 0 0
1070160 0 0 0
1070161 0 0 0
1070162 0 0 0
1070163 0 0 0
1070164 0 0 0
1070165 0 0 0
1070166 0 0 0
1070167 0 0 0
1070168 0 0 0
1070169 0 0 0
1070170 0 0 0
1070171 0 0 0
1070172 0 0 0
1070173 0 0 0
1070174 0 0 0
1070175 0 0 0
1070176 0 0 0
1070177 0 0 0
1070178 0 0 0
1070179 0 0 0
1070220 0 0 0
1070221 0 0 0
1070222 0 0 0
1070223 0 0 0
1070224 0 0 0
1070225 0 0 0
1070226 0 0 0
1070227 0 0 0
1070228 0 0 0
1070229 0 0 0
1070230 0 0 0
1070231 0 0 0
1070232 0 0 0
1070233 0 0 0
1070234 0 0 0
1070235 0 0 0
1070236 0 0 0
1070237 0 0 0
1070238 0 0 0
1070239 0 0 0
1070240 0 0 0
1070241 0 0 0
1070242 0 0 0
1070243 0 0 0
1070244 0 0 0
1070245 0 0 0
1070246 0 0 0
1070247 0 0 0
1070248 0 0 0
1070249 0 0 0
1070250 0 0 0
1070251 0 0 0
1070252 0 0 0
1070253 0 0 0
1070254 0 0 0
1070255 0 0 0
1070256 0 0 0
1070257 0 0 0
1070258 0 0 0
1070259 0 0 0
1070340 0 0 0
1070341 0 0 0
1070342 0 0 0
1070343 0 0 0
1070344 0 0 0
1070345 0 0 0
1070346 0 0 0
1070347 0 0 0
1070348 0 0 0
1070349 0 0 0
1070350 0 0 0
1070351 0 0 0
1070352 0 0 0
1070353 0 0 0
1070354 0 0 0
1070355 0 0 0
1070356 0 0 0
1070357 0 0 0
1070358 0 0 0
1070359 0 0 0
1070360 0 0 0
1070361 0 0 0
1070362 0 0 0
1070363 0 0 0
1070364 0 0 0
1070365 0 0 0
1070366 0 0 0
1070367 0 0 0
1070368 0 0 0
1070369 0 0 0
1070370 0 0 0
1070371 0 0 0
1070372 0 0 0
1070373 0 0 0
1070374 0 0 0
1070375 0 0 0
1070376 0 0 0
1070377 0 0 0
1070378 0 0 0
1070379 0 0 0
