191 1
1045857
1045985
1046064
1046073
1046096
1046146
1046150
1046172
1046304
1046305
1046308
1046311
1046315
1046316
1046319
1046330
1046333
1046335
1046336
1046337
1046338
1046342
1046344
1046348
1046351
1046352
1046353
1046355
1046358
1046360
1046362
1046364
1046369
1046370
1046372
1046374
1046380
1046381
1046382
1046384
1046387
1046388
1046389
1046397
1046400
1046404
1046405
1046406
1046410
1046412
1046415
1046417
1046418
1046420
1046421
1046424
1046425
1046428
1046429
1046433
1046439
1046441
1046450
1046451
1046453
1046455
1046456
1046457
1046460
1046464
1046466
1046468
1046472
1046479
1046485
1046488
1046489
1046492
1046495
1046496
1046502
1046504
1046505
1046507
1046509
1046512
1046513
1046515
1046518
1046519
1046522
1046524
1046526
1046527
1046529
1046531
1046539
1046544
1046545
1046547
1046548
1046550
1046555
1046556
1046559
1046561
1046564
1046565
1046566
1046569
1046574
1046578
1046579
1046580
1046582
1046587
1046588
1046592
1046597
1046599
1046606
1046608
1046616
1046617
1046618
1046619
1046626
1046629
1046638
1046639
1046642
1046643
1046645
1046646
1046647
1046648
1046652
1046657
1046660
1046661
1046663
1046665
1046666
1046667
1046669
1046672
1046674
1046677
1046678
1046680
1046684
1046687
1046688
1046689
1046691
1046695
1046697
1046699
1046703
1046704
1046705
1046707
1046708
1046709
1046710
1046711
1046714
1046718
1046722
1046725
1046728
1046729
1046731
1046827
1046857
1046861
1046872
1046880
1046882
1046900
1046936
1046939
1046949
1046968
1046995
1047009
1047022
1047055
1047075
1047110
1047129
